400;200;911
0;0;70
1;0;100
1;1;70
1;3;70
2;0;100
2;4;50
2;6;10
3;1;50
3;2;50
3;3;70
3;7;50
3;9;10
4;2;10
4;3;100
4;10;100
4;12;70
5;2;100
5;3;100
5;13;70
5;15;50
6;4;70
6;5;100
6;6;100
6;16;10
6;18;100
7;5;10
7;6;50
7;19;10
7;21;10
8;5;70
8;6;50
8;22;100
8;24;70
9;7;10
9;8;10
9;9;70
9;25;50
9;27;70
10;8;50
10;9;100
10;28;50
10;30;100
11;8;50
11;9;50
11;31;100
11;33;50
12;8;10
12;9;100
12;34;50
12;36;10
13;10;50
13;11;10
13;12;50
13;37;70
13;39;70
14;11;70
14;12;100
14;40;50
14;42;100
15;11;10
15;12;70
15;43;70
15;45;70
16;11;50
16;12;100
16;46;70
16;48;100
17;13;100
17;14;100
17;15;10
17;49;10
17;51;70
18;14;70
18;15;70
18;52;100
18;54;100
19;14;10
19;15;10
19;55;70
19;57;50
20;14;70
20;15;50
20;58;100
20;60;100
21;16;50
21;17;50
21;18;10
21;61;100
21;63;10
22;17;100
22;18;70
22;64;10
22;66;100
23;17;10
23;18;100
23;67;50
23;69;100
24;17;100
24;18;10
24;70;100
24;72;50
25;19;10
25;20;100
25;21;10
25;73;100
25;75;10
26;20;10
26;21;100
26;76;50
26;78;10
27;20;100
27;21;70
27;79;100
27;81;70
28;20;70
28;21;100
28;82;100
28;84;100
29;22;50
29;23;10
29;24;70
29;85;50
29;87;100
30;23;50
30;24;70
30;88;10
30;90;70
31;23;70
31;24;100
31;91;50
31;93;10
32;23;100
32;24;10
32;94;100
32;96;70
33;25;100
33;26;10
33;27;10
33;97;70
33;99;100
34;26;50
34;27;70
34;100;50
34;102;50
35;26;70
35;27;50
35;103;70
35;105;70
36;26;100
36;27;50
36;106;50
36;108;10
37;26;100
37;27;50
37;109;10
37;111;100
38;28;10
38;29;70
38;30;10
38;112;70
38;114;10
39;29;50
39;30;10
39;115;100
39;117;50
40;29;100
40;30;100
40;118;100
40;120;70
41;29;50
41;30;50
41;121;70
41;123;50
42;29;10
42;30;10
42;124;10
42;126;70
43;31;70
43;32;100
43;33;50
43;127;70
43;129;50
44;32;10
44;33;70
44;130;70
44;132;10
45;32;70
45;33;10
45;133;50
45;135;100
46;32;100
46;33;10
46;136;10
46;138;50
47;32;100
47;33;10
47;139;50
47;141;100
48;34;50
48;35;10
48;36;10
48;142;70
48;144;50
49;35;10
49;36;50
49;145;50
49;147;70
50;35;70
50;36;50
50;148;70
50;150;50
51;35;50
51;36;10
51;151;10
51;153;100
52;35;10
52;36;100
52;154;100
52;156;50
53;37;70
53;38;70
53;39;100
53;157;10
53;159;50
54;38;70
54;39;50
54;160;10
54;162;70
55;38;10
55;39;50
55;163;100
55;165;100
56;38;70
56;39;50
56;166;70
56;168;50
57;38;10
57;39;100
57;169;50
57;171;50
58;40;50
58;41;50
58;42;70
58;172;50
58;174;100
59;41;50
59;42;70
59;175;10
59;177;50
60;41;100
60;42;70
60;178;10
60;180;50
61;41;50
61;42;100
61;181;100
61;183;10
62;41;100
62;42;50
62;184;70
62;186;50
63;43;10
63;44;70
63;45;50
63;187;70
63;189;10
64;44;50
64;45;100
64;190;70
64;192;70
65;44;100
65;45;70
65;193;50
65;195;10
66;44;10
66;45;100
66;196;50
66;198;100
67;44;50
67;45;50
67;199;100
68;46;10
68;47;100
68;48;50
69;47;10
69;48;70
70;47;50
70;48;100
71;47;100
71;48;10
72;47;100
72;48;70
73;49;10
73;50;70
73;51;70
74;50;70
74;51;70
75;50;70
75;51;70
76;50;10
76;51;70
77;50;50
77;51;10
78;52;10
78;53;70
78;54;100
79;53;10
79;54;50
80;53;70
80;54;100
81;53;100
81;54;100
82;53;70
82;54;10
83;55;100
83;56;10
83;57;70
84;56;10
84;57;10
85;56;70
85;57;50
86;56;10
86;57;70
87;56;10
87;57;70
88;58;10
88;59;50
88;60;50
89;59;70
89;60;10
90;59;70
90;60;70
91;59;50
91;60;70
92;59;70
92;60;100
93;61;100
93;62;10
93;63;50
94;62;50
94;63;50
95;62;100
95;63;10
96;62;10
96;63;70
97;62;50
97;63;10
98;64;100
98;65;10
98;66;50
99;65;10
99;66;70
100;65;100
100;66;100
101;65;10
101;66;50
102;65;70
102;66;10
103;67;70
103;68;50
103;69;100
104;68;10
104;69;70
105;68;10
105;69;10
106;68;10
106;69;70
107;68;70
107;69;10
108;70;50
108;71;100
108;72;50
109;71;50
109;72;100
110;71;100
110;72;70
111;71;100
111;72;10
112;71;50
112;72;10
113;73;70
113;74;70
113;75;100
114;74;50
114;75;100
115;74;50
115;75;100
116;74;10
116;75;50
117;74;10
117;75;100
118;76;100
118;77;10
118;78;70
119;77;100
119;78;10
120;77;100
120;78;10
121;77;100
121;78;100
122;77;100
122;78;50
123;79;100
123;80;50
123;81;100
124;80;10
124;81;100
125;80;100
125;81;100
126;80;10
126;81;100
127;80;70
127;81;70
128;82;70
128;83;10
128;84;100
129;83;100
129;84;70
130;83;10
130;84;50
131;83;70
131;84;50
132;83;10
132;84;50
133;85;70
133;86;100
133;87;50
134;86;100
134;87;10
135;86;10
135;87;50
136;86;100
136;87;10
137;86;70
137;87;100
138;88;10
138;89;50
138;90;70
139;89;100
139;90;100
140;89;10
140;90;70
141;89;100
141;90;50
142;89;10
142;90;10
143;91;50
143;92;10
143;93;100
144;92;70
144;93;10
145;92;100
145;93;100
146;92;100
146;93;50
147;92;10
147;93;10
148;94;70
148;95;50
148;96;100
149;95;50
149;96;100
150;95;10
150;96;70
151;95;100
151;96;10
152;95;100
152;96;70
153;97;50
153;98;100
153;99;50
154;98;100
154;99;50
155;98;50
155;99;50
156;98;50
156;99;100
157;98;50
157;99;50
158;98;50
158;99;100
159;100;10
159;101;10
159;102;10
160;101;100
160;102;70
161;101;100
161;102;100
162;101;100
162;102;50
163;101;70
163;102;10
164;101;10
164;102;10
165;103;100
165;104;50
165;105;100
166;104;70
166;105;100
167;104;100
167;105;50
168;104;100
168;105;100
169;104;10
169;105;70
170;104;70
170;105;50
171;106;10
171;107;10
171;108;100
172;107;100
172;108;70
173;107;10
173;108;10
174;107;70
174;108;50
175;107;100
175;108;10
176;107;50
176;108;70
177;109;50
177;110;70
177;111;100
178;110;100
178;111;100
179;110;70
179;111;50
180;110;70
180;111;100
181;110;50
181;111;70
182;110;50
182;111;70
183;112;50
183;113;10
183;114;70
184;113;100
184;114;100
185;113;50
185;114;70
186;113;100
186;114;10
187;113;50
187;114;70
188;113;50
188;114;100
189;115;100
189;116;100
189;117;10
190;116;100
190;117;50
191;116;10
191;117;10
192;116;10
192;117;100
193;116;10
193;117;100
194;116;100
194;117;70
195;118;50
195;119;70
195;120;10
196;119;100
196;120;50
197;119;100
197;120;100
198;119;10
198;120;100
199;119;70
199;120;70
200;119;50
200;120;10
201;121;50
201;122;100
201;123;10
202;122;100
202;123;10
203;122;50
203;123;10
204;122;50
204;123;70
205;122;50
205;123;50
206;122;50
206;123;70
207;124;50
207;125;70
207;126;10
208;125;100
208;126;100
209;125;10
209;126;100
210;125;50
210;126;10
211;125;70
211;126;50
212;125;10
212;126;50
213;127;50
213;128;100
213;129;50
214;128;10
214;129;50
215;128;50
215;129;50
216;128;50
216;129;70
217;128;100
217;129;50
218;128;100
218;129;50
219;130;10
219;131;10
219;132;70
220;131;70
220;132;100
221;131;50
221;132;100
222;131;10
222;132;100
223;131;50
223;132;70
224;131;50
224;132;50
225;133;100
225;134;70
225;135;100
226;134;10
226;135;100
227;134;10
227;135;70
228;134;100
228;135;100
229;134;70
229;135;50
230;134;70
230;135;50
231;136;70
231;137;100
231;138;50
232;137;100
232;138;70
233;137;10
233;138;10
234;137;100
234;138;70
235;137;50
235;138;10
236;137;100
236;138;100
237;139;10
237;140;100
237;141;100
238;140;70
238;141;10
239;140;70
239;141;50
240;140;50
240;141;70
241;140;70
241;141;100
242;140;10
242;141;50
243;142;70
243;143;100
243;144;10
244;143;100
244;144;70
245;143;50
245;144;100
246;143;10
246;144;70
247;143;10
247;144;70
248;143;100
248;144;10
249;145;10
249;146;100
249;147;100
250;146;100
250;147;10
251;146;100
251;147;100
252;146;50
252;147;70
253;146;10
253;147;50
254;146;10
254;147;70
255;148;70
255;149;50
255;150;70
256;149;100
256;150;10
257;149;10
257;150;100
258;149;10
258;150;50
259;149;50
259;150;70
260;149;50
260;150;100
261;151;10
261;152;100
261;153;70
262;152;50
262;153;70
263;152;70
263;153;100
264;152;70
264;153;100
265;152;50
265;153;10
266;152;70
266;153;10
267;154;100
267;155;100
267;156;100
268;155;10
268;156;100
269;155;10
269;156;10
270;155;100
270;156;100
271;155;50
271;156;70
272;155;70
272;156;70
273;157;10
273;158;10
273;159;70
274;158;100
274;159;100
275;158;50
275;159;50
276;158;10
276;159;10
277;158;10
277;159;50
278;158;50
278;159;70
279;160;70
279;161;70
279;162;10
280;161;50
280;162;100
281;161;70
281;162;50
282;161;50
282;162;10
283;161;50
283;162;50
284;161;10
284;162;10
285;163;10
285;164;50
285;165;50
286;164;70
286;165;100
287;164;10
287;165;100
288;164;10
288;165;70
289;164;100
289;165;50
290;164;70
290;165;70
291;166;10
291;167;100
291;168;100
292;167;100
292;168;50
293;167;10
293;168;10
294;167;100
294;168;100
295;167;70
295;168;70
296;167;70
296;168;50
297;169;10
297;170;100
297;171;70
298;170;50
298;171;50
299;170;70
299;171;50
300;170;50
300;171;50
301;170;10
301;171;50
302;170;100
302;171;10
303;172;50
303;173;100
303;174;100
304;173;10
304;174;70
305;173;10
305;174;70
306;173;70
306;174;70
307;173;10
307;174;50
308;173;70
308;174;70
309;175;10
309;176;50
309;177;50
310;176;10
310;177;100
311;176;10
311;177;50
312;176;100
312;177;10
313;176;10
313;177;50
314;176;70
314;177;100
315;178;70
315;179;50
315;180;100
316;179;50
316;180;50
317;179;100
317;180;10
318;179;10
318;180;10
319;179;70
319;180;10
320;179;70
320;180;70
321;181;50
321;182;100
321;183;50
322;182;70
322;183;50
323;182;10
323;183;50
324;182;10
324;183;70
325;182;50
325;183;70
326;182;50
326;183;50
327;184;70
327;185;100
327;186;70
328;185;70
328;186;100
329;185;50
329;186;70
330;185;50
330;186;100
331;185;100
331;186;70
332;185;70
332;186;10
333;187;10
333;188;100
333;189;100
334;188;10
334;189;50
335;188;50
335;189;100
336;188;100
336;189;50
337;188;50
337;189;70
338;188;70
338;189;50
339;190;100
339;191;10
339;192;10
340;191;10
340;192;50
341;191;50
341;192;100
342;191;100
342;192;10
343;191;50
343;192;10
344;191;10
344;192;10
345;193;50
345;194;10
345;195;10
346;194;10
346;195;100
347;194;70
347;195;50
348;194;70
348;195;50
349;194;10
349;195;50
350;194;10
350;195;50
351;196;100
351;197;50
351;198;50
352;197;70
352;198;70
353;197;10
353;198;100
354;197;10
354;198;70
355;197;100
355;198;100
356;197;50
356;198;100
357;199;10
0;0;10
0;1;20
0;2;30
0;3;40
0;4;50
0;5;60
0;6;70
0;7;80
1;0;80
1;1;70
1;2;60
1;3;50
1;4;40
1;5;30
1;6;20
1;7;10
2;0;10
2;1;20
2;2;30
2;3;40
2;4;50
2;5;60
2;6;70
2;7;80
3;0;10
3;1;10
3;2;10
3;3;10
3;4;10
3;5;10
3;6;10
3;7;10
4;0;10
4;1;10
4;2;10
4;3;10
4;4;10
4;5;10
4;6;10
4;7;10
5;0;80
5;1;70
5;2;60
5;3;50
5;4;40
5;5;30
5;6;20
5;7;10
6;0;80
6;1;70
6;2;60
6;3;50
6;4;40
6;5;30
6;6;20
6;7;10
7;0;10
7;1;10
7;2;10
7;3;10
7;4;10
7;5;10
7;6;10
7;7;10
8;0;10
8;1;20
8;2;30
8;3;40
8;4;50
8;5;60
8;6;70
8;7;80
9;0;10
9;1;20
9;2;30
9;3;40
9;4;50
9;5;60
9;6;70
9;7;80
10;0;80
10;1;70
10;2;60
10;3;50
10;4;40
10;5;30
10;6;20
10;7;10
11;0;80
11;1;70
11;2;60
11;3;50
11;4;40
11;5;30
11;6;20
11;7;10
12;0;10
12;1;10
12;2;10
12;3;10
12;4;10
12;5;10
12;6;10
12;7;10
13;0;80
13;1;70
13;2;60
13;3;50
13;4;40
13;5;30
13;6;20
13;7;10
14;0;80
14;1;70
14;2;60
14;3;50
14;4;40
14;5;30
14;6;20
14;7;10
15;0;80
15;1;70
15;2;60
15;3;50
15;4;40
15;5;30
15;6;20
15;7;10
16;0;10
16;1;20
16;2;30
16;3;40
16;4;50
16;5;60
16;6;70
16;7;80
17;0;80
17;1;70
17;2;60
17;3;50
17;4;40
17;5;30
17;6;20
17;7;10
18;0;10
18;1;20
18;2;30
18;3;40
18;4;50
18;5;60
18;6;70
18;7;80
19;0;80
19;1;70
19;2;60
19;3;50
19;4;40
19;5;30
19;6;20
19;7;10
20;0;10
20;1;20
20;2;30
20;3;40
20;4;50
20;5;60
20;6;70
20;7;80
21;0;10
21;1;10
21;2;10
21;3;10
21;4;10
21;5;10
21;6;10
21;7;10
22;0;80
22;1;70
22;2;60
22;3;50
22;4;40
22;5;30
22;6;20
22;7;10
23;0;10
23;1;10
23;2;10
23;3;10
23;4;10
23;5;10
23;6;10
23;7;10
24;0;10
24;1;10
24;2;10
24;3;10
24;4;10
24;5;10
24;6;10
24;7;10
25;0;10
25;1;20
25;2;30
25;3;40
25;4;50
25;5;60
25;6;70
25;7;80
26;0;10
26;1;20
26;2;30
26;3;40
26;4;50
26;5;60
26;6;70
26;7;80
27;0;80
27;1;70
27;2;60
27;3;50
27;4;40
27;5;30
27;6;20
27;7;10
28;0;10
28;1;20
28;2;30
28;3;40
28;4;50
28;5;60
28;6;70
28;7;80
29;0;10
29;1;20
29;2;30
29;3;40
29;4;50
29;5;60
29;6;70
29;7;80
30;0;10
30;1;10
30;2;10
30;3;10
30;4;10
30;5;10
30;6;10
30;7;10
31;0;80
31;1;70
31;2;60
31;3;50
31;4;40
31;5;30
31;6;20
31;7;10
32;0;80
32;1;70
32;2;60
32;3;50
32;4;40
32;5;30
32;6;20
32;7;10
33;0;10
33;1;20
33;2;30
33;3;40
33;4;50
33;5;60
33;6;70
33;7;80
34;0;10
34;1;10
34;2;10
34;3;10
34;4;10
34;5;10
34;6;10
34;7;10
35;0;10
35;1;20
35;2;30
35;3;40
35;4;50
35;5;60
35;6;70
35;7;80
36;0;10
36;1;10
36;2;10
36;3;10
36;4;10
36;5;10
36;6;10
36;7;10
37;0;10
37;1;20
37;2;30
37;3;40
37;4;50
37;5;60
37;6;70
37;7;80
38;0;10
38;1;20
38;2;30
38;3;40
38;4;50
38;5;60
38;6;70
38;7;80
39;0;10
39;1;10
39;2;10
39;3;10
39;4;10
39;5;10
39;6;10
39;7;10
40;0;10
40;1;10
40;2;10
40;3;10
40;4;10
40;5;10
40;6;10
40;7;10
41;0;80
41;1;70
41;2;60
41;3;50
41;4;40
41;5;30
41;6;20
41;7;10
42;0;10
42;1;20
42;2;30
42;3;40
42;4;50
42;5;60
42;6;70
42;7;80
43;0;80
43;1;70
43;2;60
43;3;50
43;4;40
43;5;30
43;6;20
43;7;10
44;0;10
44;1;10
44;2;10
44;3;10
44;4;10
44;5;10
44;6;10
44;7;10
45;0;10
45;1;10
45;2;10
45;3;10
45;4;10
45;5;10
45;6;10
45;7;10
46;0;80
46;1;70
46;2;60
46;3;50
46;4;40
46;5;30
46;6;20
46;7;10
47;0;10
47;1;20
47;2;30
47;3;40
47;4;50
47;5;60
47;6;70
47;7;80
48;0;10
48;1;20
48;2;30
48;3;40
48;4;50
48;5;60
48;6;70
48;7;80
49;0;10
49;1;10
49;2;10
49;3;10
49;4;10
49;5;10
49;6;10
49;7;10
50;0;80
50;1;70
50;2;60
50;3;50
50;4;40
50;5;30
50;6;20
50;7;10
51;0;80
51;1;70
51;2;60
51;3;50
51;4;40
51;5;30
51;6;20
51;7;10
52;0;10
52;1;20
52;2;30
52;3;40
52;4;50
52;5;60
52;6;70
52;7;80
53;0;80
53;1;70
53;2;60
53;3;50
53;4;40
53;5;30
53;6;20
53;7;10
54;0;10
54;1;20
54;2;30
54;3;40
54;4;50
54;5;60
54;6;70
54;7;80
55;0;10
55;1;20
55;2;30
55;3;40
55;4;50
55;5;60
55;6;70
55;7;80
56;0;10
56;1;10
56;2;10
56;3;10
56;4;10
56;5;10
56;6;10
56;7;10
57;0;80
57;1;70
57;2;60
57;3;50
57;4;40
57;5;30
57;6;20
57;7;10
58;0;80
58;1;70
58;2;60
58;3;50
58;4;40
58;5;30
58;6;20
58;7;10
59;0;80
59;1;70
59;2;60
59;3;50
59;4;40
59;5;30
59;6;20
59;7;10
60;0;10
60;1;10
60;2;10
60;3;10
60;4;10
60;5;10
60;6;10
60;7;10
61;0;10
61;1;10
61;2;10
61;3;10
61;4;10
61;5;10
61;6;10
61;7;10
62;0;10
62;1;10
62;2;10
62;3;10
62;4;10
62;5;10
62;6;10
62;7;10
63;0;10
63;1;10
63;2;10
63;3;10
63;4;10
63;5;10
63;6;10
63;7;10
64;0;10
64;1;10
64;2;10
64;3;10
64;4;10
64;5;10
64;6;10
64;7;10
65;0;10
65;1;10
65;2;10
65;3;10
65;4;10
65;5;10
65;6;10
65;7;10
66;0;10
66;1;20
66;2;30
66;3;40
66;4;50
66;5;60
66;6;70
66;7;80
67;0;80
67;1;70
67;2;60
67;3;50
67;4;40
67;5;30
67;6;20
67;7;10
68;0;10
68;1;10
68;2;10
68;3;10
68;4;10
68;5;10
68;6;10
68;7;10
69;0;10
69;1;10
69;2;10
69;3;10
69;4;10
69;5;10
69;6;10
69;7;10
70;0;10
70;1;20
70;2;30
70;3;40
70;4;50
70;5;60
70;6;70
70;7;80
71;0;10
71;1;10
71;2;10
71;3;10
71;4;10
71;5;10
71;6;10
71;7;10
72;0;10
72;1;10
72;2;10
72;3;10
72;4;10
72;5;10
72;6;10
72;7;10
73;0;10
73;1;10
73;2;10
73;3;10
73;4;10
73;5;10
73;6;10
73;7;10
74;0;10
74;1;10
74;2;10
74;3;10
74;4;10
74;5;10
74;6;10
74;7;10
75;0;10
75;1;20
75;2;30
75;3;40
75;4;50
75;5;60
75;6;70
75;7;80
76;0;80
76;1;70
76;2;60
76;3;50
76;4;40
76;5;30
76;6;20
76;7;10
77;0;80
77;1;70
77;2;60
77;3;50
77;4;40
77;5;30
77;6;20
77;7;10
78;0;10
78;1;10
78;2;10
78;3;10
78;4;10
78;5;10
78;6;10
78;7;10
79;0;10
79;1;10
79;2;10
79;3;10
79;4;10
79;5;10
79;6;10
79;7;10
80;0;10
80;1;20
80;2;30
80;3;40
80;4;50
80;5;60
80;6;70
80;7;80
81;0;80
81;1;70
81;2;60
81;3;50
81;4;40
81;5;30
81;6;20
81;7;10
82;0;10
82;1;20
82;2;30
82;3;40
82;4;50
82;5;60
82;6;70
82;7;80
83;0;10
83;1;10
83;2;10
83;3;10
83;4;10
83;5;10
83;6;10
83;7;10
84;0;10
84;1;10
84;2;10
84;3;10
84;4;10
84;5;10
84;6;10
84;7;10
85;0;10
85;1;10
85;2;10
85;3;10
85;4;10
85;5;10
85;6;10
85;7;10
86;0;80
86;1;70
86;2;60
86;3;50
86;4;40
86;5;30
86;6;20
86;7;10
87;0;10
87;1;10
87;2;10
87;3;10
87;4;10
87;5;10
87;6;10
87;7;10
88;0;10
88;1;20
88;2;30
88;3;40
88;4;50
88;5;60
88;6;70
88;7;80
89;0;80
89;1;70
89;2;60
89;3;50
89;4;40
89;5;30
89;6;20
89;7;10
90;0;10
90;1;20
90;2;30
90;3;40
90;4;50
90;5;60
90;6;70
90;7;80
91;0;10
91;1;10
91;2;10
91;3;10
91;4;10
91;5;10
91;6;10
91;7;10
92;0;80
92;1;70
92;2;60
92;3;50
92;4;40
92;5;30
92;6;20
92;7;10
93;0;10
93;1;10
93;2;10
93;3;10
93;4;10
93;5;10
93;6;10
93;7;10
94;0;10
94;1;10
94;2;10
94;3;10
94;4;10
94;5;10
94;6;10
94;7;10
95;0;80
95;1;70
95;2;60
95;3;50
95;4;40
95;5;30
95;6;20
95;7;10
96;0;80
96;1;70
96;2;60
96;3;50
96;4;40
96;5;30
96;6;20
96;7;10
97;0;10
97;1;10
97;2;10
97;3;10
97;4;10
97;5;10
97;6;10
97;7;10
98;0;10
98;1;10
98;2;10
98;3;10
98;4;10
98;5;10
98;6;10
98;7;10
99;0;10
99;1;20
99;2;30
99;3;40
99;4;50
99;5;60
99;6;70
99;7;80
100;0;10
100;1;10
100;2;10
100;3;10
100;4;10
100;5;10
100;6;10
100;7;10
101;0;10
101;1;20
101;2;30
101;3;40
101;4;50
101;5;60
101;6;70
101;7;80
102;0;10
102;1;20
102;2;30
102;3;40
102;4;50
102;5;60
102;6;70
102;7;80
103;0;80
103;1;70
103;2;60
103;3;50
103;4;40
103;5;30
103;6;20
103;7;10
104;0;10
104;1;10
104;2;10
104;3;10
104;4;10
104;5;10
104;6;10
104;7;10
105;0;10
105;1;20
105;2;30
105;3;40
105;4;50
105;5;60
105;6;70
105;7;80
106;0;10
106;1;10
106;2;10
106;3;10
106;4;10
106;5;10
106;6;10
106;7;10
107;0;10
107;1;20
107;2;30
107;3;40
107;4;50
107;5;60
107;6;70
107;7;80
108;0;80
108;1;70
108;2;60
108;3;50
108;4;40
108;5;30
108;6;20
108;7;10
109;0;10
109;1;10
109;2;10
109;3;10
109;4;10
109;5;10
109;6;10
109;7;10
110;0;80
110;1;70
110;2;60
110;3;50
110;4;40
110;5;30
110;6;20
110;7;10
111;0;10
111;1;20
111;2;30
111;3;40
111;4;50
111;5;60
111;6;70
111;7;80
112;0;10
112;1;10
112;2;10
112;3;10
112;4;10
112;5;10
112;6;10
112;7;10
113;0;80
113;1;70
113;2;60
113;3;50
113;4;40
113;5;30
113;6;20
113;7;10
114;0;10
114;1;10
114;2;10
114;3;10
114;4;10
114;5;10
114;6;10
114;7;10
115;0;10
115;1;20
115;2;30
115;3;40
115;4;50
115;5;60
115;6;70
115;7;80
116;0;10
116;1;20
116;2;30
116;3;40
116;4;50
116;5;60
116;6;70
116;7;80
117;0;10
117;1;20
117;2;30
117;3;40
117;4;50
117;5;60
117;6;70
117;7;80
118;0;80
118;1;70
118;2;60
118;3;50
118;4;40
118;5;30
118;6;20
118;7;10
119;0;80
119;1;70
119;2;60
119;3;50
119;4;40
119;5;30
119;6;20
119;7;10
120;0;10
120;1;20
120;2;30
120;3;40
120;4;50
120;5;60
120;6;70
120;7;80
121;0;10
121;1;20
121;2;30
121;3;40
121;4;50
121;5;60
121;6;70
121;7;80
122;0;80
122;1;70
122;2;60
122;3;50
122;4;40
122;5;30
122;6;20
122;7;10
123;0;80
123;1;70
123;2;60
123;3;50
123;4;40
123;5;30
123;6;20
123;7;10
124;0;10
124;1;20
124;2;30
124;3;40
124;4;50
124;5;60
124;6;70
124;7;80
125;0;10
125;1;20
125;2;30
125;3;40
125;4;50
125;5;60
125;6;70
125;7;80
126;0;10
126;1;20
126;2;30
126;3;40
126;4;50
126;5;60
126;6;70
126;7;80
127;0;10
127;1;10
127;2;10
127;3;10
127;4;10
127;5;10
127;6;10
127;7;10
128;0;80
128;1;70
128;2;60
128;3;50
128;4;40
128;5;30
128;6;20
128;7;10
129;0;10
129;1;10
129;2;10
129;3;10
129;4;10
129;5;10
129;6;10
129;7;10
130;0;80
130;1;70
130;2;60
130;3;50
130;4;40
130;5;30
130;6;20
130;7;10
131;0;80
131;1;70
131;2;60
131;3;50
131;4;40
131;5;30
131;6;20
131;7;10
132;0;80
132;1;70
132;2;60
132;3;50
132;4;40
132;5;30
132;6;20
132;7;10
133;0;10
133;1;20
133;2;30
133;3;40
133;4;50
133;5;60
133;6;70
133;7;80
134;0;80
134;1;70
134;2;60
134;3;50
134;4;40
134;5;30
134;6;20
134;7;10
135;0;80
135;1;70
135;2;60
135;3;50
135;4;40
135;5;30
135;6;20
135;7;10
136;0;10
136;1;20
136;2;30
136;3;40
136;4;50
136;5;60
136;6;70
136;7;80
137;0;10
137;1;10
137;2;10
137;3;10
137;4;10
137;5;10
137;6;10
137;7;10
138;0;10
138;1;20
138;2;30
138;3;40
138;4;50
138;5;60
138;6;70
138;7;80
139;0;80
139;1;70
139;2;60
139;3;50
139;4;40
139;5;30
139;6;20
139;7;10
140;0;10
140;1;10
140;2;10
140;3;10
140;4;10
140;5;10
140;6;10
140;7;10
141;0;10
141;1;10
141;2;10
141;3;10
141;4;10
141;5;10
141;6;10
141;7;10
142;0;10
142;1;20
142;2;30
142;3;40
142;4;50
142;5;60
142;6;70
142;7;80
143;0;10
143;1;10
143;2;10
143;3;10
143;4;10
143;5;10
143;6;10
143;7;10
144;0;10
144;1;20
144;2;30
144;3;40
144;4;50
144;5;60
144;6;70
144;7;80
145;0;80
145;1;70
145;2;60
145;3;50
145;4;40
145;5;30
145;6;20
145;7;10
146;0;80
146;1;70
146;2;60
146;3;50
146;4;40
146;5;30
146;6;20
146;7;10
147;0;10
147;1;20
147;2;30
147;3;40
147;4;50
147;5;60
147;6;70
147;7;80
148;0;10
148;1;20
148;2;30
148;3;40
148;4;50
148;5;60
148;6;70
148;7;80
149;0;10
149;1;10
149;2;10
149;3;10
149;4;10
149;5;10
149;6;10
149;7;10
150;0;80
150;1;70
150;2;60
150;3;50
150;4;40
150;5;30
150;6;20
150;7;10
151;0;80
151;1;70
151;2;60
151;3;50
151;4;40
151;5;30
151;6;20
151;7;10
152;0;80
152;1;70
152;2;60
152;3;50
152;4;40
152;5;30
152;6;20
152;7;10
153;0;10
153;1;20
153;2;30
153;3;40
153;4;50
153;5;60
153;6;70
153;7;80
154;0;10
154;1;20
154;2;30
154;3;40
154;4;50
154;5;60
154;6;70
154;7;80
155;0;10
155;1;10
155;2;10
155;3;10
155;4;10
155;5;10
155;6;10
155;7;10
156;0;10
156;1;20
156;2;30
156;3;40
156;4;50
156;5;60
156;6;70
156;7;80
157;0;10
157;1;20
157;2;30
157;3;40
157;4;50
157;5;60
157;6;70
157;7;80
158;0;80
158;1;70
158;2;60
158;3;50
158;4;40
158;5;30
158;6;20
158;7;10
159;0;10
159;1;10
159;2;10
159;3;10
159;4;10
159;5;10
159;6;10
159;7;10
160;0;10
160;1;20
160;2;30
160;3;40
160;4;50
160;5;60
160;6;70
160;7;80
161;0;80
161;1;70
161;2;60
161;3;50
161;4;40
161;5;30
161;6;20
161;7;10
162;0;80
162;1;70
162;2;60
162;3;50
162;4;40
162;5;30
162;6;20
162;7;10
163;0;10
163;1;20
163;2;30
163;3;40
163;4;50
163;5;60
163;6;70
163;7;80
164;0;10
164;1;20
164;2;30
164;3;40
164;4;50
164;5;60
164;6;70
164;7;80
165;0;80
165;1;70
165;2;60
165;3;50
165;4;40
165;5;30
165;6;20
165;7;10
166;0;10
166;1;20
166;2;30
166;3;40
166;4;50
166;5;60
166;6;70
166;7;80
167;0;10
167;1;20
167;2;30
167;3;40
167;4;50
167;5;60
167;6;70
167;7;80
168;0;80
168;1;70
168;2;60
168;3;50
168;4;40
168;5;30
168;6;20
168;7;10
169;0;10
169;1;10
169;2;10
169;3;10
169;4;10
169;5;10
169;6;10
169;7;10
170;0;10
170;1;10
170;2;10
170;3;10
170;4;10
170;5;10
170;6;10
170;7;10
171;0;10
171;1;20
171;2;30
171;3;40
171;4;50
171;5;60
171;6;70
171;7;80
172;0;10
172;1;10
172;2;10
172;3;10
172;4;10
172;5;10
172;6;10
172;7;10
173;0;10
173;1;20
173;2;30
173;3;40
173;4;50
173;5;60
173;6;70
173;7;80
174;0;80
174;1;70
174;2;60
174;3;50
174;4;40
174;5;30
174;6;20
174;7;10
175;0;80
175;1;70
175;2;60
175;3;50
175;4;40
175;5;30
175;6;20
175;7;10
176;0;80
176;1;70
176;2;60
176;3;50
176;4;40
176;5;30
176;6;20
176;7;10
177;0;10
177;1;10
177;2;10
177;3;10
177;4;10
177;5;10
177;6;10
177;7;10
178;0;80
178;1;70
178;2;60
178;3;50
178;4;40
178;5;30
178;6;20
178;7;10
179;0;80
179;1;70
179;2;60
179;3;50
179;4;40
179;5;30
179;6;20
179;7;10
180;0;80
180;1;70
180;2;60
180;3;50
180;4;40
180;5;30
180;6;20
180;7;10
181;0;10
181;1;20
181;2;30
181;3;40
181;4;50
181;5;60
181;6;70
181;7;80
182;0;80
182;1;70
182;2;60
182;3;50
182;4;40
182;5;30
182;6;20
182;7;10
183;0;80
183;1;70
183;2;60
183;3;50
183;4;40
183;5;30
183;6;20
183;7;10
184;0;10
184;1;10
184;2;10
184;3;10
184;4;10
184;5;10
184;6;10
184;7;10
185;0;10
185;1;20
185;2;30
185;3;40
185;4;50
185;5;60
185;6;70
185;7;80
186;0;10
186;1;20
186;2;30
186;3;40
186;4;50
186;5;60
186;6;70
186;7;80
187;0;80
187;1;70
187;2;60
187;3;50
187;4;40
187;5;30
187;6;20
187;7;10
188;0;10
188;1;10
188;2;10
188;3;10
188;4;10
188;5;10
188;6;10
188;7;10
189;0;10
189;1;20
189;2;30
189;3;40
189;4;50
189;5;60
189;6;70
189;7;80
190;0;80
190;1;70
190;2;60
190;3;50
190;4;40
190;5;30
190;6;20
190;7;10
191;0;10
191;1;10
191;2;10
191;3;10
191;4;10
191;5;10
191;6;10
191;7;10
192;0;10
192;1;10
192;2;10
192;3;10
192;4;10
192;5;10
192;6;10
192;7;10
193;0;10
193;1;20
193;2;30
193;3;40
193;4;50
193;5;60
193;6;70
193;7;80
194;0;80
194;1;70
194;2;60
194;3;50
194;4;40
194;5;30
194;6;20
194;7;10
195;0;10
195;1;20
195;2;30
195;3;40
195;4;50
195;5;60
195;6;70
195;7;80
196;0;10
196;1;10
196;2;10
196;3;10
196;4;10
196;5;10
196;6;10
196;7;10
197;0;10
197;1;20
197;2;30
197;3;40
197;4;50
197;5;60
197;6;70
197;7;80
198;0;10
198;1;10
198;2;10
198;3;10
198;4;10
198;5;10
198;6;10
198;7;10
199;0;80
199;1;70
199;2;60
199;3;50
199;4;40
199;5;30
199;6;20
199;7;10
200;0;10
200;1;10
200;2;10
200;3;10
200;4;10
200;5;10
200;6;10
200;7;10
201;0;10
201;1;20
201;2;30
201;3;40
201;4;50
201;5;60
201;6;70
201;7;80
202;0;80
202;1;70
202;2;60
202;3;50
202;4;40
202;5;30
202;6;20
202;7;10
203;0;80
203;1;70
203;2;60
203;3;50
203;4;40
203;5;30
203;6;20
203;7;10
204;0;80
204;1;70
204;2;60
204;3;50
204;4;40
204;5;30
204;6;20
204;7;10
205;0;10
205;1;10
205;2;10
205;3;10
205;4;10
205;5;10
205;6;10
205;7;10
206;0;10
206;1;20
206;2;30
206;3;40
206;4;50
206;5;60
206;6;70
206;7;80
207;0;10
207;1;10
207;2;10
207;3;10
207;4;10
207;5;10
207;6;10
207;7;10
208;0;10
208;1;20
208;2;30
208;3;40
208;4;50
208;5;60
208;6;70
208;7;80
209;0;80
209;1;70
209;2;60
209;3;50
209;4;40
209;5;30
209;6;20
209;7;10
210;0;10
210;1;20
210;2;30
210;3;40
210;4;50
210;5;60
210;6;70
210;7;80
211;0;10
211;1;20
211;2;30
211;3;40
211;4;50
211;5;60
211;6;70
211;7;80
212;0;10
212;1;10
212;2;10
212;3;10
212;4;10
212;5;10
212;6;10
212;7;10
213;0;10
213;1;10
213;2;10
213;3;10
213;4;10
213;5;10
213;6;10
213;7;10
214;0;10
214;1;20
214;2;30
214;3;40
214;4;50
214;5;60
214;6;70
214;7;80
215;0;80
215;1;70
215;2;60
215;3;50
215;4;40
215;5;30
215;6;20
215;7;10
216;0;80
216;1;70
216;2;60
216;3;50
216;4;40
216;5;30
216;6;20
216;7;10
217;0;10
217;1;20
217;2;30
217;3;40
217;4;50
217;5;60
217;6;70
217;7;80
218;0;10
218;1;20
218;2;30
218;3;40
218;4;50
218;5;60
218;6;70
218;7;80
219;0;10
219;1;10
219;2;10
219;3;10
219;4;10
219;5;10
219;6;10
219;7;10
220;0;10
220;1;20
220;2;30
220;3;40
220;4;50
220;5;60
220;6;70
220;7;80
221;0;80
221;1;70
221;2;60
221;3;50
221;4;40
221;5;30
221;6;20
221;7;10
222;0;80
222;1;70
222;2;60
222;3;50
222;4;40
222;5;30
222;6;20
222;7;10
223;0;10
223;1;20
223;2;30
223;3;40
223;4;50
223;5;60
223;6;70
223;7;80
224;0;10
224;1;20
224;2;30
224;3;40
224;4;50
224;5;60
224;6;70
224;7;80
225;0;80
225;1;70
225;2;60
225;3;50
225;4;40
225;5;30
225;6;20
225;7;10
226;0;80
226;1;70
226;2;60
226;3;50
226;4;40
226;5;30
226;6;20
226;7;10
227;0;80
227;1;70
227;2;60
227;3;50
227;4;40
227;5;30
227;6;20
227;7;10
228;0;10
228;1;10
228;2;10
228;3;10
228;4;10
228;5;10
228;6;10
228;7;10
229;0;10
229;1;20
229;2;30
229;3;40
229;4;50
229;5;60
229;6;70
229;7;80
230;0;80
230;1;70
230;2;60
230;3;50
230;4;40
230;5;30
230;6;20
230;7;10
231;0;80
231;1;70
231;2;60
231;3;50
231;4;40
231;5;30
231;6;20
231;7;10
232;0;10
232;1;10
232;2;10
232;3;10
232;4;10
232;5;10
232;6;10
232;7;10
233;0;80
233;1;70
233;2;60
233;3;50
233;4;40
233;5;30
233;6;20
233;7;10
234;0;10
234;1;20
234;2;30
234;3;40
234;4;50
234;5;60
234;6;70
234;7;80
235;0;10
235;1;20
235;2;30
235;3;40
235;4;50
235;5;60
235;6;70
235;7;80
236;0;10
236;1;20
236;2;30
236;3;40
236;4;50
236;5;60
236;6;70
236;7;80
237;0;80
237;1;70
237;2;60
237;3;50
237;4;40
237;5;30
237;6;20
237;7;10
238;0;80
238;1;70
238;2;60
238;3;50
238;4;40
238;5;30
238;6;20
238;7;10
239;0;10
239;1;20
239;2;30
239;3;40
239;4;50
239;5;60
239;6;70
239;7;80
240;0;10
240;1;20
240;2;30
240;3;40
240;4;50
240;5;60
240;6;70
240;7;80
241;0;80
241;1;70
241;2;60
241;3;50
241;4;40
241;5;30
241;6;20
241;7;10
242;0;10
242;1;10
242;2;10
242;3;10
242;4;10
242;5;10
242;6;10
242;7;10
243;0;10
243;1;20
243;2;30
243;3;40
243;4;50
243;5;60
243;6;70
243;7;80
244;0;10
244;1;10
244;2;10
244;3;10
244;4;10
244;5;10
244;6;10
244;7;10
245;0;10
245;1;20
245;2;30
245;3;40
245;4;50
245;5;60
245;6;70
245;7;80
246;0;10
246;1;10
246;2;10
246;3;10
246;4;10
246;5;10
246;6;10
246;7;10
247;0;80
247;1;70
247;2;60
247;3;50
247;4;40
247;5;30
247;6;20
247;7;10
248;0;80
248;1;70
248;2;60
248;3;50
248;4;40
248;5;30
248;6;20
248;7;10
249;0;80
249;1;70
249;2;60
249;3;50
249;4;40
249;5;30
249;6;20
249;7;10
250;0;80
250;1;70
250;2;60
250;3;50
250;4;40
250;5;30
250;6;20
250;7;10
251;0;80
251;1;70
251;2;60
251;3;50
251;4;40
251;5;30
251;6;20
251;7;10
252;0;10
252;1;10
252;2;10
252;3;10
252;4;10
252;5;10
252;6;10
252;7;10
253;0;10
253;1;20
253;2;30
253;3;40
253;4;50
253;5;60
253;6;70
253;7;80
254;0;10
254;1;10
254;2;10
254;3;10
254;4;10
254;5;10
254;6;10
254;7;10
255;0;10
255;1;20
255;2;30
255;3;40
255;4;50
255;5;60
255;6;70
255;7;80
256;0;10
256;1;10
256;2;10
256;3;10
256;4;10
256;5;10
256;6;10
256;7;10
257;0;80
257;1;70
257;2;60
257;3;50
257;4;40
257;5;30
257;6;20
257;7;10
258;0;10
258;1;20
258;2;30
258;3;40
258;4;50
258;5;60
258;6;70
258;7;80
259;0;10
259;1;20
259;2;30
259;3;40
259;4;50
259;5;60
259;6;70
259;7;80
260;0;80
260;1;70
260;2;60
260;3;50
260;4;40
260;5;30
260;6;20
260;7;10
261;0;10
261;1;20
261;2;30
261;3;40
261;4;50
261;5;60
261;6;70
261;7;80
262;0;10
262;1;20
262;2;30
262;3;40
262;4;50
262;5;60
262;6;70
262;7;80
263;0;10
263;1;20
263;2;30
263;3;40
263;4;50
263;5;60
263;6;70
263;7;80
264;0;10
264;1;10
264;2;10
264;3;10
264;4;10
264;5;10
264;6;10
264;7;10
265;0;10
265;1;20
265;2;30
265;3;40
265;4;50
265;5;60
265;6;70
265;7;80
266;0;80
266;1;70
266;2;60
266;3;50
266;4;40
266;5;30
266;6;20
266;7;10
267;0;10
267;1;20
267;2;30
267;3;40
267;4;50
267;5;60
267;6;70
267;7;80
268;0;80
268;1;70
268;2;60
268;3;50
268;4;40
268;5;30
268;6;20
268;7;10
269;0;10
269;1;10
269;2;10
269;3;10
269;4;10
269;5;10
269;6;10
269;7;10
270;0;10
270;1;20
270;2;30
270;3;40
270;4;50
270;5;60
270;6;70
270;7;80
271;0;10
271;1;20
271;2;30
271;3;40
271;4;50
271;5;60
271;6;70
271;7;80
272;0;80
272;1;70
272;2;60
272;3;50
272;4;40
272;5;30
272;6;20
272;7;10
273;0;10
273;1;20
273;2;30
273;3;40
273;4;50
273;5;60
273;6;70
273;7;80
274;0;10
274;1;10
274;2;10
274;3;10
274;4;10
274;5;10
274;6;10
274;7;10
275;0;10
275;1;10
275;2;10
275;3;10
275;4;10
275;5;10
275;6;10
275;7;10
276;0;10
276;1;20
276;2;30
276;3;40
276;4;50
276;5;60
276;6;70
276;7;80
277;0;10
277;1;20
277;2;30
277;3;40
277;4;50
277;5;60
277;6;70
277;7;80
278;0;10
278;1;10
278;2;10
278;3;10
278;4;10
278;5;10
278;6;10
278;7;10
279;0;10
279;1;10
279;2;10
279;3;10
279;4;10
279;5;10
279;6;10
279;7;10
280;0;80
280;1;70
280;2;60
280;3;50
280;4;40
280;5;30
280;6;20
280;7;10
281;0;10
281;1;20
281;2;30
281;3;40
281;4;50
281;5;60
281;6;70
281;7;80
282;0;80
282;1;70
282;2;60
282;3;50
282;4;40
282;5;30
282;6;20
282;7;10
283;0;80
283;1;70
283;2;60
283;3;50
283;4;40
283;5;30
283;6;20
283;7;10
284;0;80
284;1;70
284;2;60
284;3;50
284;4;40
284;5;30
284;6;20
284;7;10
285;0;10
285;1;20
285;2;30
285;3;40
285;4;50
285;5;60
285;6;70
285;7;80
286;0;80
286;1;70
286;2;60
286;3;50
286;4;40
286;5;30
286;6;20
286;7;10
287;0;10
287;1;10
287;2;10
287;3;10
287;4;10
287;5;10
287;6;10
287;7;10
288;0;10
288;1;20
288;2;30
288;3;40
288;4;50
288;5;60
288;6;70
288;7;80
289;0;80
289;1;70
289;2;60
289;3;50
289;4;40
289;5;30
289;6;20
289;7;10
290;0;80
290;1;70
290;2;60
290;3;50
290;4;40
290;5;30
290;6;20
290;7;10
291;0;80
291;1;70
291;2;60
291;3;50
291;4;40
291;5;30
291;6;20
291;7;10
292;0;10
292;1;20
292;2;30
292;3;40
292;4;50
292;5;60
292;6;70
292;7;80
293;0;10
293;1;10
293;2;10
293;3;10
293;4;10
293;5;10
293;6;10
293;7;10
294;0;80
294;1;70
294;2;60
294;3;50
294;4;40
294;5;30
294;6;20
294;7;10
295;0;10
295;1;20
295;2;30
295;3;40
295;4;50
295;5;60
295;6;70
295;7;80
296;0;10
296;1;10
296;2;10
296;3;10
296;4;10
296;5;10
296;6;10
296;7;10
297;0;10
297;1;10
297;2;10
297;3;10
297;4;10
297;5;10
297;6;10
297;7;10
298;0;80
298;1;70
298;2;60
298;3;50
298;4;40
298;5;30
298;6;20
298;7;10
299;0;10
299;1;10
299;2;10
299;3;10
299;4;10
299;5;10
299;6;10
299;7;10
300;0;80
300;1;70
300;2;60
300;3;50
300;4;40
300;5;30
300;6;20
300;7;10
301;0;10
301;1;20
301;2;30
301;3;40
301;4;50
301;5;60
301;6;70
301;7;80
302;0;10
302;1;20
302;2;30
302;3;40
302;4;50
302;5;60
302;6;70
302;7;80
303;0;10
303;1;20
303;2;30
303;3;40
303;4;50
303;5;60
303;6;70
303;7;80
304;0;10
304;1;20
304;2;30
304;3;40
304;4;50
304;5;60
304;6;70
304;7;80
305;0;10
305;1;10
305;2;10
305;3;10
305;4;10
305;5;10
305;6;10
305;7;10
306;0;80
306;1;70
306;2;60
306;3;50
306;4;40
306;5;30
306;6;20
306;7;10
307;0;10
307;1;20
307;2;30
307;3;40
307;4;50
307;5;60
307;6;70
307;7;80
308;0;10
308;1;10
308;2;10
308;3;10
308;4;10
308;5;10
308;6;10
308;7;10
309;0;10
309;1;10
309;2;10
309;3;10
309;4;10
309;5;10
309;6;10
309;7;10
310;0;10
310;1;20
310;2;30
310;3;40
310;4;50
310;5;60
310;6;70
310;7;80
311;0;10
311;1;20
311;2;30
311;3;40
311;4;50
311;5;60
311;6;70
311;7;80
312;0;10
312;1;10
312;2;10
312;3;10
312;4;10
312;5;10
312;6;10
312;7;10
313;0;10
313;1;20
313;2;30
313;3;40
313;4;50
313;5;60
313;6;70
313;7;80
314;0;80
314;1;70
314;2;60
314;3;50
314;4;40
314;5;30
314;6;20
314;7;10
315;0;10
315;1;20
315;2;30
315;3;40
315;4;50
315;5;60
315;6;70
315;7;80
316;0;10
316;1;20
316;2;30
316;3;40
316;4;50
316;5;60
316;6;70
316;7;80
317;0;10
317;1;10
317;2;10
317;3;10
317;4;10
317;5;10
317;6;10
317;7;10
318;0;10
318;1;10
318;2;10
318;3;10
318;4;10
318;5;10
318;6;10
318;7;10
319;0;10
319;1;20
319;2;30
319;3;40
319;4;50
319;5;60
319;6;70
319;7;80
320;0;10
320;1;20
320;2;30
320;3;40
320;4;50
320;5;60
320;6;70
320;7;80
321;0;10
321;1;10
321;2;10
321;3;10
321;4;10
321;5;10
321;6;10
321;7;10
322;0;80
322;1;70
322;2;60
322;3;50
322;4;40
322;5;30
322;6;20
322;7;10
323;0;80
323;1;70
323;2;60
323;3;50
323;4;40
323;5;30
323;6;20
323;7;10
324;0;10
324;1;20
324;2;30
324;3;40
324;4;50
324;5;60
324;6;70
324;7;80
325;0;10
325;1;10
325;2;10
325;3;10
325;4;10
325;5;10
325;6;10
325;7;10
326;0;10
326;1;10
326;2;10
326;3;10
326;4;10
326;5;10
326;6;10
326;7;10
327;0;10
327;1;10
327;2;10
327;3;10
327;4;10
327;5;10
327;6;10
327;7;10
328;0;10
328;1;20
328;2;30
328;3;40
328;4;50
328;5;60
328;6;70
328;7;80
329;0;80
329;1;70
329;2;60
329;3;50
329;4;40
329;5;30
329;6;20
329;7;10
330;0;80
330;1;70
330;2;60
330;3;50
330;4;40
330;5;30
330;6;20
330;7;10
331;0;10
331;1;10
331;2;10
331;3;10
331;4;10
331;5;10
331;6;10
331;7;10
332;0;10
332;1;20
332;2;30
332;3;40
332;4;50
332;5;60
332;6;70
332;7;80
333;0;80
333;1;70
333;2;60
333;3;50
333;4;40
333;5;30
333;6;20
333;7;10
334;0;10
334;1;10
334;2;10
334;3;10
334;4;10
334;5;10
334;6;10
334;7;10
335;0;80
335;1;70
335;2;60
335;3;50
335;4;40
335;5;30
335;6;20
335;7;10
336;0;80
336;1;70
336;2;60
336;3;50
336;4;40
336;5;30
336;6;20
336;7;10
337;0;80
337;1;70
337;2;60
337;3;50
337;4;40
337;5;30
337;6;20
337;7;10
338;0;10
338;1;10
338;2;10
338;3;10
338;4;10
338;5;10
338;6;10
338;7;10
339;0;10
339;1;10
339;2;10
339;3;10
339;4;10
339;5;10
339;6;10
339;7;10
340;0;10
340;1;20
340;2;30
340;3;40
340;4;50
340;5;60
340;6;70
340;7;80
341;0;80
341;1;70
341;2;60
341;3;50
341;4;40
341;5;30
341;6;20
341;7;10
342;0;80
342;1;70
342;2;60
342;3;50
342;4;40
342;5;30
342;6;20
342;7;10
343;0;10
343;1;10
343;2;10
343;3;10
343;4;10
343;5;10
343;6;10
343;7;10
344;0;80
344;1;70
344;2;60
344;3;50
344;4;40
344;5;30
344;6;20
344;7;10
345;0;10
345;1;10
345;2;10
345;3;10
345;4;10
345;5;10
345;6;10
345;7;10
346;0;80
346;1;70
346;2;60
346;3;50
346;4;40
346;5;30
346;6;20
346;7;10
347;0;10
347;1;10
347;2;10
347;3;10
347;4;10
347;5;10
347;6;10
347;7;10
348;0;10
348;1;10
348;2;10
348;3;10
348;4;10
348;5;10
348;6;10
348;7;10
349;0;10
349;1;10
349;2;10
349;3;10
349;4;10
349;5;10
349;6;10
349;7;10
350;0;10
350;1;10
350;2;10
350;3;10
350;4;10
350;5;10
350;6;10
350;7;10
351;0;10
351;1;10
351;2;10
351;3;10
351;4;10
351;5;10
351;6;10
351;7;10
352;0;80
352;1;70
352;2;60
352;3;50
352;4;40
352;5;30
352;6;20
352;7;10
353;0;10
353;1;10
353;2;10
353;3;10
353;4;10
353;5;10
353;6;10
353;7;10
354;0;80
354;1;70
354;2;60
354;3;50
354;4;40
354;5;30
354;6;20
354;7;10
355;0;10
355;1;10
355;2;10
355;3;10
355;4;10
355;5;10
355;6;10
355;7;10
356;0;80
356;1;70
356;2;60
356;3;50
356;4;40
356;5;30
356;6;20
356;7;10
357;0;10
357;1;10
357;2;10
357;3;10
357;4;10
357;5;10
357;6;10
357;7;10
