300;150;662
0;0;10
1;0;10
1;1;70
1;3;70
2;0;10
2;4;10
2;6;10
3;1;50
3;2;50
3;3;100
3;7;70
3;9;10
4;2;70
4;3;50
4;10;50
4;12;10
5;2;70
5;3;10
5;13;50
5;15;50
6;4;70
6;5;70
6;6;100
6;16;100
6;18;50
7;5;50
7;6;50
7;19;50
7;21;70
8;5;100
8;6;100
8;22;100
8;24;10
9;7;70
9;8;10
9;9;50
9;25;70
9;27;10
10;8;50
10;9;10
10;28;70
10;30;50
11;8;10
11;9;50
11;31;10
11;33;100
12;8;100
12;9;10
12;34;70
12;36;10
13;10;100
13;11;50
13;12;50
13;37;70
13;39;10
14;11;10
14;12;70
14;40;10
14;42;10
15;11;70
15;12;70
15;43;10
15;45;100
16;11;70
16;12;10
16;46;10
16;48;70
17;13;70
17;14;10
17;15;70
17;49;50
17;51;70
18;14;100
18;15;100
18;52;100
18;54;100
19;14;100
19;15;10
19;55;10
19;57;50
20;14;50
20;15;100
20;58;50
20;60;10
21;16;100
21;17;70
21;18;50
21;61;10
21;63;70
22;17;10
22;18;50
22;64;10
22;66;70
23;17;70
23;18;70
23;67;70
23;69;50
24;17;70
24;18;10
24;70;100
24;72;10
25;19;70
25;20;70
25;21;100
25;73;10
25;75;10
26;20;50
26;21;100
26;76;10
26;78;10
27;20;50
27;21;10
27;79;70
27;81;100
28;20;100
28;21;100
28;82;50
28;84;100
29;22;100
29;23;10
29;24;70
29;85;100
29;87;100
30;23;100
30;24;10
30;88;100
30;90;50
31;23;10
31;24;100
31;91;100
31;93;100
32;23;100
32;24;10
32;94;70
32;96;10
33;25;50
33;26;50
33;27;10
33;97;100
33;99;100
34;26;100
34;27;70
34;100;70
34;102;70
35;26;10
35;27;50
35;103;70
35;105;70
36;26;50
36;27;50
36;106;50
36;108;10
37;26;10
37;27;70
37;109;50
37;111;10
38;28;50
38;29;10
38;30;70
38;112;50
38;114;50
39;29;70
39;30;10
39;115;100
39;117;70
40;29;70
40;30;10
40;118;70
40;120;100
41;29;50
41;30;100
41;121;100
41;123;50
42;29;50
42;30;100
42;124;70
42;126;70
43;31;100
43;32;50
43;33;100
43;127;100
43;129;10
44;32;10
44;33;50
44;130;70
44;132;70
45;32;100
45;33;100
45;133;50
45;135;70
46;32;70
46;33;100
46;136;50
46;138;50
47;32;70
47;33;100
47;139;100
47;141;10
48;34;70
48;35;50
48;36;70
48;142;50
48;144;10
49;35;50
49;36;100
49;145;50
49;147;10
50;35;10
50;36;10
50;148;10
51;35;70
51;36;70
52;35;100
52;36;100
53;37;70
53;38;10
53;39;50
54;38;70
54;39;10
55;38;70
55;39;70
56;38;50
56;39;50
57;38;50
57;39;70
58;40;70
58;41;10
58;42;50
59;41;50
59;42;10
60;41;10
60;42;70
61;41;10
61;42;70
62;41;50
62;42;100
63;43;10
63;44;70
63;45;100
64;44;10
64;45;70
65;44;10
65;45;100
66;44;100
66;45;70
67;44;10
67;45;70
68;46;50
68;47;10
68;48;100
69;47;100
69;48;100
70;47;70
70;48;100
71;47;50
71;48;50
72;47;100
72;48;100
73;49;10
73;50;10
73;51;10
74;50;100
74;51;70
75;50;50
75;51;50
76;50;70
76;51;50
77;50;10
77;51;50
78;52;10
78;53;70
78;54;70
79;53;10
79;54;70
80;53;50
80;54;50
81;53;100
81;54;70
82;53;50
82;54;50
83;55;100
83;56;70
83;57;100
84;56;50
84;57;100
85;56;100
85;57;100
86;56;70
86;57;70
87;56;50
87;57;10
88;58;50
88;59;100
88;60;10
89;59;100
89;60;70
90;59;50
90;60;50
91;59;100
91;60;100
92;59;70
92;60;10
93;61;100
93;62;10
93;63;50
94;62;50
94;63;100
95;62;50
95;63;100
96;62;70
96;63;50
97;62;50
97;63;100
98;64;70
98;65;70
98;66;50
99;65;70
99;66;100
100;65;100
100;66;10
101;65;50
101;66;70
102;65;100
102;66;50
103;67;50
103;68;50
103;69;50
104;68;70
104;69;10
105;68;10
105;69;70
106;68;70
106;69;50
107;68;10
107;69;100
108;70;50
108;71;50
108;72;50
109;71;100
109;72;10
110;71;70
110;72;70
111;71;10
111;72;10
112;71;100
112;72;10
113;73;70
113;74;10
113;75;10
114;74;50
114;75;10
115;74;100
115;75;70
116;74;10
116;75;70
117;74;70
117;75;50
118;76;50
118;77;10
118;78;100
119;77;70
119;78;10
120;77;70
120;78;100
121;77;100
121;78;50
122;77;50
122;78;50
123;79;100
123;80;10
123;81;100
124;80;50
124;81;70
125;80;70
125;81;100
126;80;50
126;81;10
127;80;50
127;81;10
128;82;100
128;83;10
128;84;70
129;83;50
129;84;70
130;83;70
130;84;50
131;83;70
131;84;100
132;83;50
132;84;100
133;85;70
133;86;100
133;87;100
134;86;10
134;87;10
135;86;10
135;87;100
136;86;70
136;87;50
137;86;10
137;87;70
138;88;10
138;89;100
138;90;50
139;89;50
139;90;10
140;89;100
140;90;50
141;89;50
141;90;50
142;89;10
142;90;70
143;91;50
143;92;70
143;93;50
144;92;10
144;93;50
145;92;100
145;93;70
146;92;100
146;93;70
147;92;100
147;93;50
148;94;10
148;95;100
148;96;10
149;95;10
149;96;100
150;95;100
150;96;70
151;95;70
151;96;50
152;95;100
152;96;70
153;97;10
153;98;50
153;99;10
154;98;100
154;99;50
155;98;10
155;99;100
156;98;70
156;99;50
157;98;70
157;99;100
158;98;10
158;99;100
159;100;50
159;101;50
159;102;100
160;101;100
160;102;100
161;101;50
161;102;100
162;101;100
162;102;100
163;101;10
163;102;50
164;101;10
164;102;50
165;103;100
165;104;100
165;105;10
166;104;50
166;105;70
167;104;50
167;105;50
168;104;10
168;105;70
169;104;50
169;105;10
170;104;50
170;105;50
171;106;100
171;107;10
171;108;10
172;107;100
172;108;10
173;107;50
173;108;70
174;107;50
174;108;100
175;107;100
175;108;70
176;107;10
176;108;70
177;109;70
177;110;100
177;111;50
178;110;50
178;111;10
179;110;70
179;111;10
180;110;100
180;111;10
181;110;10
181;111;50
182;110;70
182;111;100
183;112;10
183;113;50
183;114;50
184;113;10
184;114;100
185;113;50
185;114;50
186;113;70
186;114;50
187;113;70
187;114;100
188;113;10
188;114;50
189;115;10
189;116;70
189;117;100
190;116;50
190;117;70
191;116;10
191;117;10
192;116;100
192;117;100
193;116;10
193;117;70
194;116;100
194;117;10
195;118;50
195;119;50
195;120;50
196;119;50
196;120;50
197;119;50
197;120;70
198;119;100
198;120;10
199;119;10
199;120;70
200;119;10
200;120;50
201;121;100
201;122;10
201;123;50
202;122;50
202;123;70
203;122;70
203;123;10
204;122;70
204;123;50
205;122;100
205;123;70
206;122;10
206;123;70
207;124;70
207;125;70
207;126;100
208;125;70
208;126;10
209;125;10
209;126;100
210;125;50
210;126;10
211;125;100
211;126;50
212;125;50
212;126;100
213;127;10
213;128;10
213;129;10
214;128;70
214;129;100
215;128;10
215;129;10
216;128;10
216;129;10
217;128;100
217;129;50
218;128;10
218;129;100
219;130;50
219;131;10
219;132;100
220;131;10
220;132;100
221;131;10
221;132;10
222;131;70
222;132;50
223;131;10
223;132;100
224;131;100
224;132;100
225;133;100
225;134;70
225;135;70
226;134;50
226;135;100
227;134;50
227;135;50
228;134;50
228;135;100
229;134;70
229;135;50
230;134;10
230;135;100
231;136;70
231;137;10
231;138;50
232;137;100
232;138;100
233;137;70
233;138;50
234;137;70
234;138;70
235;137;50
235;138;10
236;137;100
236;138;10
237;139;100
237;140;50
237;141;50
238;140;70
238;141;10
239;140;50
239;141;70
240;140;50
240;141;70
241;140;70
241;141;100
242;140;100
242;141;70
243;142;10
243;143;50
243;144;70
244;143;10
244;144;70
245;143;10
245;144;70
246;143;50
246;144;10
247;143;50
247;144;50
248;143;70
248;144;100
249;145;100
249;146;100
249;147;70
250;146;10
250;147;10
251;146;100
251;147;100
252;146;70
252;147;10
253;146;50
253;147;50
254;146;100
254;147;50
255;148;100
255;149;10
256;149;70
257;149;50
258;149;70
259;149;70
260;149;100
0;0;80
0;1;70
0;2;60
0;3;50
0;4;40
0;5;30
0;6;20
0;7;10
1;0;80
1;1;70
1;2;60
1;3;50
1;4;40
1;5;30
1;6;20
1;7;10
2;0;10
2;1;10
2;2;10
2;3;10
2;4;10
2;5;10
2;6;10
2;7;10
3;0;80
3;1;70
3;2;60
3;3;50
3;4;40
3;5;30
3;6;20
3;7;10
4;0;10
4;1;20
4;2;30
4;3;40
4;4;50
4;5;60
4;6;70
4;7;80
5;0;10
5;1;10
5;2;10
5;3;10
5;4;10
5;5;10
5;6;10
5;7;10
6;0;10
6;1;20
6;2;30
6;3;40
6;4;50
6;5;60
6;6;70
6;7;80
7;0;10
7;1;10
7;2;10
7;3;10
7;4;10
7;5;10
7;6;10
7;7;10
8;0;10
8;1;10
8;2;10
8;3;10
8;4;10
8;5;10
8;6;10
8;7;10
9;0;10
9;1;20
9;2;30
9;3;40
9;4;50
9;5;60
9;6;70
9;7;80
10;0;10
10;1;10
10;2;10
10;3;10
10;4;10
10;5;10
10;6;10
10;7;10
11;0;80
11;1;70
11;2;60
11;3;50
11;4;40
11;5;30
11;6;20
11;7;10
12;0;10
12;1;20
12;2;30
12;3;40
12;4;50
12;5;60
12;6;70
12;7;80
13;0;10
13;1;10
13;2;10
13;3;10
13;4;10
13;5;10
13;6;10
13;7;10
14;0;10
14;1;10
14;2;10
14;3;10
14;4;10
14;5;10
14;6;10
14;7;10
15;0;10
15;1;20
15;2;30
15;3;40
15;4;50
15;5;60
15;6;70
15;7;80
16;0;10
16;1;20
16;2;30
16;3;40
16;4;50
16;5;60
16;6;70
16;7;80
17;0;10
17;1;10
17;2;10
17;3;10
17;4;10
17;5;10
17;6;10
17;7;10
18;0;10
18;1;20
18;2;30
18;3;40
18;4;50
18;5;60
18;6;70
18;7;80
19;0;10
19;1;20
19;2;30
19;3;40
19;4;50
19;5;60
19;6;70
19;7;80
20;0;10
20;1;10
20;2;10
20;3;10
20;4;10
20;5;10
20;6;10
20;7;10
21;0;80
21;1;70
21;2;60
21;3;50
21;4;40
21;5;30
21;6;20
21;7;10
22;0;10
22;1;20
22;2;30
22;3;40
22;4;50
22;5;60
22;6;70
22;7;80
23;0;80
23;1;70
23;2;60
23;3;50
23;4;40
23;5;30
23;6;20
23;7;10
24;0;10
24;1;10
24;2;10
24;3;10
24;4;10
24;5;10
24;6;10
24;7;10
25;0;80
25;1;70
25;2;60
25;3;50
25;4;40
25;5;30
25;6;20
25;7;10
26;0;10
26;1;20
26;2;30
26;3;40
26;4;50
26;5;60
26;6;70
26;7;80
27;0;10
27;1;10
27;2;10
27;3;10
27;4;10
27;5;10
27;6;10
27;7;10
28;0;10
28;1;20
28;2;30
28;3;40
28;4;50
28;5;60
28;6;70
28;7;80
29;0;10
29;1;20
29;2;30
29;3;40
29;4;50
29;5;60
29;6;70
29;7;80
30;0;80
30;1;70
30;2;60
30;3;50
30;4;40
30;5;30
30;6;20
30;7;10
31;0;80
31;1;70
31;2;60
31;3;50
31;4;40
31;5;30
31;6;20
31;7;10
32;0;10
32;1;20
32;2;30
32;3;40
32;4;50
32;5;60
32;6;70
32;7;80
33;0;10
33;1;20
33;2;30
33;3;40
33;4;50
33;5;60
33;6;70
33;7;80
34;0;10
34;1;10
34;2;10
34;3;10
34;4;10
34;5;10
34;6;10
34;7;10
35;0;10
35;1;20
35;2;30
35;3;40
35;4;50
35;5;60
35;6;70
35;7;80
36;0;10
36;1;20
36;2;30
36;3;40
36;4;50
36;5;60
36;6;70
36;7;80
37;0;10
37;1;20
37;2;30
37;3;40
37;4;50
37;5;60
37;6;70
37;7;80
38;0;10
38;1;20
38;2;30
38;3;40
38;4;50
38;5;60
38;6;70
38;7;80
39;0;10
39;1;20
39;2;30
39;3;40
39;4;50
39;5;60
39;6;70
39;7;80
40;0;10
40;1;20
40;2;30
40;3;40
40;4;50
40;5;60
40;6;70
40;7;80
41;0;10
41;1;20
41;2;30
41;3;40
41;4;50
41;5;60
41;6;70
41;7;80
42;0;10
42;1;10
42;2;10
42;3;10
42;4;10
42;5;10
42;6;10
42;7;10
43;0;10
43;1;10
43;2;10
43;3;10
43;4;10
43;5;10
43;6;10
43;7;10
44;0;10
44;1;20
44;2;30
44;3;40
44;4;50
44;5;60
44;6;70
44;7;80
45;0;10
45;1;20
45;2;30
45;3;40
45;4;50
45;5;60
45;6;70
45;7;80
46;0;80
46;1;70
46;2;60
46;3;50
46;4;40
46;5;30
46;6;20
46;7;10
47;0;10
47;1;10
47;2;10
47;3;10
47;4;10
47;5;10
47;6;10
47;7;10
48;0;80
48;1;70
48;2;60
48;3;50
48;4;40
48;5;30
48;6;20
48;7;10
49;0;10
49;1;20
49;2;30
49;3;40
49;4;50
49;5;60
49;6;70
49;7;80
50;0;80
50;1;70
50;2;60
50;3;50
50;4;40
50;5;30
50;6;20
50;7;10
51;0;10
51;1;10
51;2;10
51;3;10
51;4;10
51;5;10
51;6;10
51;7;10
52;0;80
52;1;70
52;2;60
52;3;50
52;4;40
52;5;30
52;6;20
52;7;10
53;0;10
53;1;20
53;2;30
53;3;40
53;4;50
53;5;60
53;6;70
53;7;80
54;0;80
54;1;70
54;2;60
54;3;50
54;4;40
54;5;30
54;6;20
54;7;10
55;0;10
55;1;10
55;2;10
55;3;10
55;4;10
55;5;10
55;6;10
55;7;10
56;0;10
56;1;20
56;2;30
56;3;40
56;4;50
56;5;60
56;6;70
56;7;80
57;0;10
57;1;10
57;2;10
57;3;10
57;4;10
57;5;10
57;6;10
57;7;10
58;0;10
58;1;10
58;2;10
58;3;10
58;4;10
58;5;10
58;6;10
58;7;10
59;0;10
59;1;20
59;2;30
59;3;40
59;4;50
59;5;60
59;6;70
59;7;80
60;0;10
60;1;10
60;2;10
60;3;10
60;4;10
60;5;10
60;6;10
60;7;10
61;0;10
61;1;20
61;2;30
61;3;40
61;4;50
61;5;60
61;6;70
61;7;80
62;0;10
62;1;10
62;2;10
62;3;10
62;4;10
62;5;10
62;6;10
62;7;10
63;0;10
63;1;10
63;2;10
63;3;10
63;4;10
63;5;10
63;6;10
63;7;10
64;0;80
64;1;70
64;2;60
64;3;50
64;4;40
64;5;30
64;6;20
64;7;10
65;0;80
65;1;70
65;2;60
65;3;50
65;4;40
65;5;30
65;6;20
65;7;10
66;0;80
66;1;70
66;2;60
66;3;50
66;4;40
66;5;30
66;6;20
66;7;10
67;0;10
67;1;20
67;2;30
67;3;40
67;4;50
67;5;60
67;6;70
67;7;80
68;0;80
68;1;70
68;2;60
68;3;50
68;4;40
68;5;30
68;6;20
68;7;10
69;0;80
69;1;70
69;2;60
69;3;50
69;4;40
69;5;30
69;6;20
69;7;10
70;0;10
70;1;20
70;2;30
70;3;40
70;4;50
70;5;60
70;6;70
70;7;80
71;0;80
71;1;70
71;2;60
71;3;50
71;4;40
71;5;30
71;6;20
71;7;10
72;0;10
72;1;10
72;2;10
72;3;10
72;4;10
72;5;10
72;6;10
72;7;10
73;0;10
73;1;20
73;2;30
73;3;40
73;4;50
73;5;60
73;6;70
73;7;80
74;0;10
74;1;20
74;2;30
74;3;40
74;4;50
74;5;60
74;6;70
74;7;80
75;0;80
75;1;70
75;2;60
75;3;50
75;4;40
75;5;30
75;6;20
75;7;10
76;0;10
76;1;10
76;2;10
76;3;10
76;4;10
76;5;10
76;6;10
76;7;10
77;0;10
77;1;10
77;2;10
77;3;10
77;4;10
77;5;10
77;6;10
77;7;10
78;0;80
78;1;70
78;2;60
78;3;50
78;4;40
78;5;30
78;6;20
78;7;10
79;0;10
79;1;20
79;2;30
79;3;40
79;4;50
79;5;60
79;6;70
79;7;80
80;0;10
80;1;20
80;2;30
80;3;40
80;4;50
80;5;60
80;6;70
80;7;80
81;0;10
81;1;20
81;2;30
81;3;40
81;4;50
81;5;60
81;6;70
81;7;80
82;0;80
82;1;70
82;2;60
82;3;50
82;4;40
82;5;30
82;6;20
82;7;10
83;0;10
83;1;10
83;2;10
83;3;10
83;4;10
83;5;10
83;6;10
83;7;10
84;0;10
84;1;20
84;2;30
84;3;40
84;4;50
84;5;60
84;6;70
84;7;80
85;0;80
85;1;70
85;2;60
85;3;50
85;4;40
85;5;30
85;6;20
85;7;10
86;0;80
86;1;70
86;2;60
86;3;50
86;4;40
86;5;30
86;6;20
86;7;10
87;0;10
87;1;10
87;2;10
87;3;10
87;4;10
87;5;10
87;6;10
87;7;10
88;0;10
88;1;10
88;2;10
88;3;10
88;4;10
88;5;10
88;6;10
88;7;10
89;0;10
89;1;10
89;2;10
89;3;10
89;4;10
89;5;10
89;6;10
89;7;10
90;0;80
90;1;70
90;2;60
90;3;50
90;4;40
90;5;30
90;6;20
90;7;10
91;0;80
91;1;70
91;2;60
91;3;50
91;4;40
91;5;30
91;6;20
91;7;10
92;0;10
92;1;10
92;2;10
92;3;10
92;4;10
92;5;10
92;6;10
92;7;10
93;0;80
93;1;70
93;2;60
93;3;50
93;4;40
93;5;30
93;6;20
93;7;10
94;0;10
94;1;20
94;2;30
94;3;40
94;4;50
94;5;60
94;6;70
94;7;80
95;0;10
95;1;10
95;2;10
95;3;10
95;4;10
95;5;10
95;6;10
95;7;10
96;0;80
96;1;70
96;2;60
96;3;50
96;4;40
96;5;30
96;6;20
96;7;10
97;0;80
97;1;70
97;2;60
97;3;50
97;4;40
97;5;30
97;6;20
97;7;10
98;0;10
98;1;20
98;2;30
98;3;40
98;4;50
98;5;60
98;6;70
98;7;80
99;0;80
99;1;70
99;2;60
99;3;50
99;4;40
99;5;30
99;6;20
99;7;10
100;0;10
100;1;10
100;2;10
100;3;10
100;4;10
100;5;10
100;6;10
100;7;10
101;0;10
101;1;20
101;2;30
101;3;40
101;4;50
101;5;60
101;6;70
101;7;80
102;0;10
102;1;10
102;2;10
102;3;10
102;4;10
102;5;10
102;6;10
102;7;10
103;0;80
103;1;70
103;2;60
103;3;50
103;4;40
103;5;30
103;6;20
103;7;10
104;0;80
104;1;70
104;2;60
104;3;50
104;4;40
104;5;30
104;6;20
104;7;10
105;0;10
105;1;20
105;2;30
105;3;40
105;4;50
105;5;60
105;6;70
105;7;80
106;0;10
106;1;20
106;2;30
106;3;40
106;4;50
106;5;60
106;6;70
106;7;80
107;0;10
107;1;10
107;2;10
107;3;10
107;4;10
107;5;10
107;6;10
107;7;10
108;0;80
108;1;70
108;2;60
108;3;50
108;4;40
108;5;30
108;6;20
108;7;10
109;0;10
109;1;10
109;2;10
109;3;10
109;4;10
109;5;10
109;6;10
109;7;10
110;0;10
110;1;20
110;2;30
110;3;40
110;4;50
110;5;60
110;6;70
110;7;80
111;0;80
111;1;70
111;2;60
111;3;50
111;4;40
111;5;30
111;6;20
111;7;10
112;0;80
112;1;70
112;2;60
112;3;50
112;4;40
112;5;30
112;6;20
112;7;10
113;0;10
113;1;20
113;2;30
113;3;40
113;4;50
113;5;60
113;6;70
113;7;80
114;0;10
114;1;10
114;2;10
114;3;10
114;4;10
114;5;10
114;6;10
114;7;10
115;0;10
115;1;10
115;2;10
115;3;10
115;4;10
115;5;10
115;6;10
115;7;10
116;0;10
116;1;10
116;2;10
116;3;10
116;4;10
116;5;10
116;6;10
116;7;10
117;0;10
117;1;20
117;2;30
117;3;40
117;4;50
117;5;60
117;6;70
117;7;80
118;0;10
118;1;20
118;2;30
118;3;40
118;4;50
118;5;60
118;6;70
118;7;80
119;0;80
119;1;70
119;2;60
119;3;50
119;4;40
119;5;30
119;6;20
119;7;10
120;0;80
120;1;70
120;2;60
120;3;50
120;4;40
120;5;30
120;6;20
120;7;10
121;0;10
121;1;20
121;2;30
121;3;40
121;4;50
121;5;60
121;6;70
121;7;80
122;0;80
122;1;70
122;2;60
122;3;50
122;4;40
122;5;30
122;6;20
122;7;10
123;0;10
123;1;20
123;2;30
123;3;40
123;4;50
123;5;60
123;6;70
123;7;80
124;0;10
124;1;20
124;2;30
124;3;40
124;4;50
124;5;60
124;6;70
124;7;80
125;0;10
125;1;20
125;2;30
125;3;40
125;4;50
125;5;60
125;6;70
125;7;80
126;0;80
126;1;70
126;2;60
126;3;50
126;4;40
126;5;30
126;6;20
126;7;10
127;0;10
127;1;10
127;2;10
127;3;10
127;4;10
127;5;10
127;6;10
127;7;10
128;0;10
128;1;20
128;2;30
128;3;40
128;4;50
128;5;60
128;6;70
128;7;80
129;0;80
129;1;70
129;2;60
129;3;50
129;4;40
129;5;30
129;6;20
129;7;10
130;0;10
130;1;10
130;2;10
130;3;10
130;4;10
130;5;10
130;6;10
130;7;10
131;0;80
131;1;70
131;2;60
131;3;50
131;4;40
131;5;30
131;6;20
131;7;10
132;0;10
132;1;10
132;2;10
132;3;10
132;4;10
132;5;10
132;6;10
132;7;10
133;0;10
133;1;20
133;2;30
133;3;40
133;4;50
133;5;60
133;6;70
133;7;80
134;0;10
134;1;10
134;2;10
134;3;10
134;4;10
134;5;10
134;6;10
134;7;10
135;0;10
135;1;20
135;2;30
135;3;40
135;4;50
135;5;60
135;6;70
135;7;80
136;0;10
136;1;10
136;2;10
136;3;10
136;4;10
136;5;10
136;6;10
136;7;10
137;0;80
137;1;70
137;2;60
137;3;50
137;4;40
137;5;30
137;6;20
137;7;10
138;0;10
138;1;20
138;2;30
138;3;40
138;4;50
138;5;60
138;6;70
138;7;80
139;0;80
139;1;70
139;2;60
139;3;50
139;4;40
139;5;30
139;6;20
139;7;10
140;0;80
140;1;70
140;2;60
140;3;50
140;4;40
140;5;30
140;6;20
140;7;10
141;0;10
141;1;20
141;2;30
141;3;40
141;4;50
141;5;60
141;6;70
141;7;80
142;0;80
142;1;70
142;2;60
142;3;50
142;4;40
142;5;30
142;6;20
142;7;10
143;0;10
143;1;10
143;2;10
143;3;10
143;4;10
143;5;10
143;6;10
143;7;10
144;0;10
144;1;10
144;2;10
144;3;10
144;4;10
144;5;10
144;6;10
144;7;10
145;0;80
145;1;70
145;2;60
145;3;50
145;4;40
145;5;30
145;6;20
145;7;10
146;0;80
146;1;70
146;2;60
146;3;50
146;4;40
146;5;30
146;6;20
146;7;10
147;0;10
147;1;10
147;2;10
147;3;10
147;4;10
147;5;10
147;6;10
147;7;10
148;0;10
148;1;10
148;2;10
148;3;10
148;4;10
148;5;10
148;6;10
148;7;10
149;0;10
149;1;10
149;2;10
149;3;10
149;4;10
149;5;10
149;6;10
149;7;10
150;0;10
150;1;20
150;2;30
150;3;40
150;4;50
150;5;60
150;6;70
150;7;80
151;0;10
151;1;20
151;2;30
151;3;40
151;4;50
151;5;60
151;6;70
151;7;80
152;0;10
152;1;20
152;2;30
152;3;40
152;4;50
152;5;60
152;6;70
152;7;80
153;0;10
153;1;10
153;2;10
153;3;10
153;4;10
153;5;10
153;6;10
153;7;10
154;0;10
154;1;20
154;2;30
154;3;40
154;4;50
154;5;60
154;6;70
154;7;80
155;0;10
155;1;10
155;2;10
155;3;10
155;4;10
155;5;10
155;6;10
155;7;10
156;0;80
156;1;70
156;2;60
156;3;50
156;4;40
156;5;30
156;6;20
156;7;10
157;0;10
157;1;10
157;2;10
157;3;10
157;4;10
157;5;10
157;6;10
157;7;10
158;0;10
158;1;10
158;2;10
158;3;10
158;4;10
158;5;10
158;6;10
158;7;10
159;0;80
159;1;70
159;2;60
159;3;50
159;4;40
159;5;30
159;6;20
159;7;10
160;0;10
160;1;10
160;2;10
160;3;10
160;4;10
160;5;10
160;6;10
160;7;10
161;0;10
161;1;10
161;2;10
161;3;10
161;4;10
161;5;10
161;6;10
161;7;10
162;0;80
162;1;70
162;2;60
162;3;50
162;4;40
162;5;30
162;6;20
162;7;10
163;0;10
163;1;20
163;2;30
163;3;40
163;4;50
163;5;60
163;6;70
163;7;80
164;0;10
164;1;20
164;2;30
164;3;40
164;4;50
164;5;60
164;6;70
164;7;80
165;0;80
165;1;70
165;2;60
165;3;50
165;4;40
165;5;30
165;6;20
165;7;10
166;0;10
166;1;10
166;2;10
166;3;10
166;4;10
166;5;10
166;6;10
166;7;10
167;0;10
167;1;20
167;2;30
167;3;40
167;4;50
167;5;60
167;6;70
167;7;80
168;0;10
168;1;10
168;2;10
168;3;10
168;4;10
168;5;10
168;6;10
168;7;10
169;0;10
169;1;10
169;2;10
169;3;10
169;4;10
169;5;10
169;6;10
169;7;10
170;0;80
170;1;70
170;2;60
170;3;50
170;4;40
170;5;30
170;6;20
170;7;10
171;0;10
171;1;20
171;2;30
171;3;40
171;4;50
171;5;60
171;6;70
171;7;80
172;0;10
172;1;10
172;2;10
172;3;10
172;4;10
172;5;10
172;6;10
172;7;10
173;0;10
173;1;10
173;2;10
173;3;10
173;4;10
173;5;10
173;6;10
173;7;10
174;0;10
174;1;10
174;2;10
174;3;10
174;4;10
174;5;10
174;6;10
174;7;10
175;0;80
175;1;70
175;2;60
175;3;50
175;4;40
175;5;30
175;6;20
175;7;10
176;0;10
176;1;10
176;2;10
176;3;10
176;4;10
176;5;10
176;6;10
176;7;10
177;0;10
177;1;10
177;2;10
177;3;10
177;4;10
177;5;10
177;6;10
177;7;10
178;0;10
178;1;20
178;2;30
178;3;40
178;4;50
178;5;60
178;6;70
178;7;80
179;0;80
179;1;70
179;2;60
179;3;50
179;4;40
179;5;30
179;6;20
179;7;10
180;0;80
180;1;70
180;2;60
180;3;50
180;4;40
180;5;30
180;6;20
180;7;10
181;0;10
181;1;20
181;2;30
181;3;40
181;4;50
181;5;60
181;6;70
181;7;80
182;0;10
182;1;20
182;2;30
182;3;40
182;4;50
182;5;60
182;6;70
182;7;80
183;0;10
183;1;20
183;2;30
183;3;40
183;4;50
183;5;60
183;6;70
183;7;80
184;0;10
184;1;20
184;2;30
184;3;40
184;4;50
184;5;60
184;6;70
184;7;80
185;0;10
185;1;10
185;2;10
185;3;10
185;4;10
185;5;10
185;6;10
185;7;10
186;0;10
186;1;10
186;2;10
186;3;10
186;4;10
186;5;10
186;6;10
186;7;10
187;0;10
187;1;10
187;2;10
187;3;10
187;4;10
187;5;10
187;6;10
187;7;10
188;0;10
188;1;10
188;2;10
188;3;10
188;4;10
188;5;10
188;6;10
188;7;10
189;0;10
189;1;10
189;2;10
189;3;10
189;4;10
189;5;10
189;6;10
189;7;10
190;0;80
190;1;70
190;2;60
190;3;50
190;4;40
190;5;30
190;6;20
190;7;10
191;0;10
191;1;10
191;2;10
191;3;10
191;4;10
191;5;10
191;6;10
191;7;10
192;0;80
192;1;70
192;2;60
192;3;50
192;4;40
192;5;30
192;6;20
192;7;10
193;0;80
193;1;70
193;2;60
193;3;50
193;4;40
193;5;30
193;6;20
193;7;10
194;0;10
194;1;10
194;2;10
194;3;10
194;4;10
194;5;10
194;6;10
194;7;10
195;0;80
195;1;70
195;2;60
195;3;50
195;4;40
195;5;30
195;6;20
195;7;10
196;0;10
196;1;20
196;2;30
196;3;40
196;4;50
196;5;60
196;6;70
196;7;80
197;0;80
197;1;70
197;2;60
197;3;50
197;4;40
197;5;30
197;6;20
197;7;10
198;0;10
198;1;10
198;2;10
198;3;10
198;4;10
198;5;10
198;6;10
198;7;10
199;0;80
199;1;70
199;2;60
199;3;50
199;4;40
199;5;30
199;6;20
199;7;10
200;0;10
200;1;10
200;2;10
200;3;10
200;4;10
200;5;10
200;6;10
200;7;10
201;0;10
201;1;20
201;2;30
201;3;40
201;4;50
201;5;60
201;6;70
201;7;80
202;0;80
202;1;70
202;2;60
202;3;50
202;4;40
202;5;30
202;6;20
202;7;10
203;0;80
203;1;70
203;2;60
203;3;50
203;4;40
203;5;30
203;6;20
203;7;10
204;0;10
204;1;10
204;2;10
204;3;10
204;4;10
204;5;10
204;6;10
204;7;10
205;0;80
205;1;70
205;2;60
205;3;50
205;4;40
205;5;30
205;6;20
205;7;10
206;0;10
206;1;20
206;2;30
206;3;40
206;4;50
206;5;60
206;6;70
206;7;80
207;0;10
207;1;10
207;2;10
207;3;10
207;4;10
207;5;10
207;6;10
207;7;10
208;0;80
208;1;70
208;2;60
208;3;50
208;4;40
208;5;30
208;6;20
208;7;10
209;0;10
209;1;10
209;2;10
209;3;10
209;4;10
209;5;10
209;6;10
209;7;10
210;0;10
210;1;10
210;2;10
210;3;10
210;4;10
210;5;10
210;6;10
210;7;10
211;0;10
211;1;20
211;2;30
211;3;40
211;4;50
211;5;60
211;6;70
211;7;80
212;0;10
212;1;20
212;2;30
212;3;40
212;4;50
212;5;60
212;6;70
212;7;80
213;0;80
213;1;70
213;2;60
213;3;50
213;4;40
213;5;30
213;6;20
213;7;10
214;0;10
214;1;10
214;2;10
214;3;10
214;4;10
214;5;10
214;6;10
214;7;10
215;0;80
215;1;70
215;2;60
215;3;50
215;4;40
215;5;30
215;6;20
215;7;10
216;0;10
216;1;10
216;2;10
216;3;10
216;4;10
216;5;10
216;6;10
216;7;10
217;0;10
217;1;20
217;2;30
217;3;40
217;4;50
217;5;60
217;6;70
217;7;80
218;0;10
218;1;10
218;2;10
218;3;10
218;4;10
218;5;10
218;6;10
218;7;10
219;0;80
219;1;70
219;2;60
219;3;50
219;4;40
219;5;30
219;6;20
219;7;10
220;0;10
220;1;10
220;2;10
220;3;10
220;4;10
220;5;10
220;6;10
220;7;10
221;0;10
221;1;20
221;2;30
221;3;40
221;4;50
221;5;60
221;6;70
221;7;80
222;0;80
222;1;70
222;2;60
222;3;50
222;4;40
222;5;30
222;6;20
222;7;10
223;0;80
223;1;70
223;2;60
223;3;50
223;4;40
223;5;30
223;6;20
223;7;10
224;0;10
224;1;10
224;2;10
224;3;10
224;4;10
224;5;10
224;6;10
224;7;10
225;0;10
225;1;10
225;2;10
225;3;10
225;4;10
225;5;10
225;6;10
225;7;10
226;0;80
226;1;70
226;2;60
226;3;50
226;4;40
226;5;30
226;6;20
226;7;10
227;0;80
227;1;70
227;2;60
227;3;50
227;4;40
227;5;30
227;6;20
227;7;10
228;0;10
228;1;20
228;2;30
228;3;40
228;4;50
228;5;60
228;6;70
228;7;80
229;0;10
229;1;10
229;2;10
229;3;10
229;4;10
229;5;10
229;6;10
229;7;10
230;0;10
230;1;20
230;2;30
230;3;40
230;4;50
230;5;60
230;6;70
230;7;80
231;0;10
231;1;10
231;2;10
231;3;10
231;4;10
231;5;10
231;6;10
231;7;10
232;0;10
232;1;10
232;2;10
232;3;10
232;4;10
232;5;10
232;6;10
232;7;10
233;0;10
233;1;10
233;2;10
233;3;10
233;4;10
233;5;10
233;6;10
233;7;10
234;0;80
234;1;70
234;2;60
234;3;50
234;4;40
234;5;30
234;6;20
234;7;10
235;0;80
235;1;70
235;2;60
235;3;50
235;4;40
235;5;30
235;6;20
235;7;10
236;0;10
236;1;20
236;2;30
236;3;40
236;4;50
236;5;60
236;6;70
236;7;80
237;0;10
237;1;20
237;2;30
237;3;40
237;4;50
237;5;60
237;6;70
237;7;80
238;0;10
238;1;10
238;2;10
238;3;10
238;4;10
238;5;10
238;6;10
238;7;10
239;0;80
239;1;70
239;2;60
239;3;50
239;4;40
239;5;30
239;6;20
239;7;10
240;0;80
240;1;70
240;2;60
240;3;50
240;4;40
240;5;30
240;6;20
240;7;10
241;0;80
241;1;70
241;2;60
241;3;50
241;4;40
241;5;30
241;6;20
241;7;10
242;0;10
242;1;20
242;2;30
242;3;40
242;4;50
242;5;60
242;6;70
242;7;80
243;0;80
243;1;70
243;2;60
243;3;50
243;4;40
243;5;30
243;6;20
243;7;10
244;0;10
244;1;10
244;2;10
244;3;10
244;4;10
244;5;10
244;6;10
244;7;10
245;0;10
245;1;10
245;2;10
245;3;10
245;4;10
245;5;10
245;6;10
245;7;10
246;0;10
246;1;10
246;2;10
246;3;10
246;4;10
246;5;10
246;6;10
246;7;10
247;0;10
247;1;20
247;2;30
247;3;40
247;4;50
247;5;60
247;6;70
247;7;80
248;0;10
248;1;10
248;2;10
248;3;10
248;4;10
248;5;10
248;6;10
248;7;10
249;0;10
249;1;10
249;2;10
249;3;10
249;4;10
249;5;10
249;6;10
249;7;10
250;0;10
250;1;10
250;2;10
250;3;10
250;4;10
250;5;10
250;6;10
250;7;10
251;0;10
251;1;10
251;2;10
251;3;10
251;4;10
251;5;10
251;6;10
251;7;10
252;0;80
252;1;70
252;2;60
252;3;50
252;4;40
252;5;30
252;6;20
252;7;10
253;0;10
253;1;20
253;2;30
253;3;40
253;4;50
253;5;60
253;6;70
253;7;80
254;0;10
254;1;10
254;2;10
254;3;10
254;4;10
254;5;10
254;6;10
254;7;10
255;0;10
255;1;10
255;2;10
255;3;10
255;4;10
255;5;10
255;6;10
255;7;10
256;0;10
256;1;10
256;2;10
256;3;10
256;4;10
256;5;10
256;6;10
256;7;10
257;0;10
257;1;10
257;2;10
257;3;10
257;4;10
257;5;10
257;6;10
257;7;10
258;0;10
258;1;10
258;2;10
258;3;10
258;4;10
258;5;10
258;6;10
258;7;10
259;0;10
259;1;20
259;2;30
259;3;40
259;4;50
259;5;60
259;6;70
259;7;80
260;0;80
260;1;70
260;2;60
260;3;50
260;4;40
260;5;30
260;6;20
260;7;10
