600;300;1412
0;0;100
1;0;70
1;1;10
1;3;70
2;0;50
2;4;70
2;6;50
3;1;10
3;2;10
3;3;10
3;7;50
3;9;10
4;2;70
4;3;100
4;10;70
4;12;10
5;2;100
5;3;50
5;13;50
5;15;10
6;4;10
6;5;70
6;6;50
6;16;10
6;18;10
7;5;100
7;6;70
7;19;100
7;21;50
8;5;50
8;6;10
8;22;50
8;24;10
9;7;70
9;8;100
9;9;50
9;25;100
9;27;10
10;8;10
10;9;10
10;28;10
10;30;10
11;8;10
11;9;10
11;31;100
11;33;10
12;8;50
12;9;100
12;34;70
12;36;100
13;10;100
13;11;10
13;12;50
13;37;10
13;39;50
14;11;70
14;12;50
14;40;70
14;42;10
15;11;10
15;12;50
15;43;50
15;45;10
16;11;50
16;12;10
16;46;70
16;48;10
17;13;50
17;14;70
17;15;70
17;49;70
17;51;10
18;14;100
18;15;100
18;52;50
18;54;100
19;14;50
19;15;70
19;55;100
19;57;100
20;14;70
20;15;50
20;58;10
20;60;70
21;16;70
21;17;100
21;18;70
21;61;50
21;63;100
22;17;50
22;18;70
22;64;100
22;66;10
23;17;100
23;18;50
23;67;50
23;69;100
24;17;70
24;18;10
24;70;50
24;72;50
25;19;50
25;20;70
25;21;50
25;73;70
25;75;100
26;20;70
26;21;50
26;76;100
26;78;10
27;20;70
27;21;50
27;79;50
27;81;100
28;20;70
28;21;100
28;82;50
28;84;70
29;22;70
29;23;50
29;24;100
29;85;70
29;87;70
30;23;10
30;24;50
30;88;70
30;90;10
31;23;70
31;24;10
31;91;50
31;93;50
32;23;10
32;24;50
32;94;10
32;96;70
33;25;100
33;26;100
33;27;100
33;97;50
33;99;50
34;26;70
34;27;50
34;100;70
34;102;10
35;26;10
35;27;50
35;103;10
35;105;50
36;26;100
36;27;100
36;106;50
36;108;10
37;26;100
37;27;50
37;109;100
37;111;10
38;28;100
38;29;70
38;30;50
38;112;50
38;114;50
39;29;100
39;30;10
39;115;50
39;117;100
40;29;70
40;30;10
40;118;50
40;120;100
41;29;100
41;30;10
41;121;70
41;123;50
42;29;100
42;30;50
42;124;10
42;126;50
43;31;50
43;32;50
43;33;100
43;127;100
43;129;70
44;32;50
44;33;10
44;130;50
44;132;10
45;32;10
45;33;10
45;133;70
45;135;100
46;32;70
46;33;100
46;136;10
46;138;70
47;32;70
47;33;50
47;139;10
47;141;100
48;34;100
48;35;10
48;36;70
48;142;10
48;144;10
49;35;50
49;36;100
49;145;70
49;147;10
50;35;100
50;36;70
50;148;100
50;150;70
51;35;10
51;36;50
51;151;10
51;153;50
52;35;70
52;36;70
52;154;100
52;156;100
53;37;100
53;38;10
53;39;50
53;157;10
53;159;10
54;38;100
54;39;100
54;160;70
54;162;10
55;38;100
55;39;100
55;163;70
55;165;10
56;38;100
56;39;70
56;166;50
56;168;10
57;38;70
57;39;70
57;169;50
57;171;10
58;40;70
58;41;100
58;42;100
58;172;70
58;174;100
59;41;70
59;42;50
59;175;10
59;177;100
60;41;50
60;42;70
60;178;100
60;180;100
61;41;100
61;42;70
61;181;50
61;183;100
62;41;50
62;42;50
62;184;100
62;186;50
63;43;100
63;44;10
63;45;100
63;187;100
63;189;50
64;44;10
64;45;50
64;190;70
64;192;50
65;44;10
65;45;70
65;193;70
65;195;70
66;44;10
66;45;100
66;196;50
66;198;10
67;44;50
67;45;100
67;199;70
67;201;100
68;46;100
68;47;70
68;48;100
68;202;100
68;204;10
69;47;10
69;48;50
69;205;50
69;207;100
70;47;100
70;48;100
70;208;50
70;210;100
71;47;70
71;48;50
71;211;50
71;213;70
72;47;70
72;48;100
72;214;10
72;216;50
73;49;10
73;50;50
73;51;100
73;217;50
73;219;70
74;50;100
74;51;70
74;220;100
74;222;100
75;50;70
75;51;70
75;223;50
75;225;100
76;50;70
76;51;70
76;226;10
76;228;70
77;50;10
77;51;50
77;229;100
77;231;70
78;52;70
78;53;10
78;54;10
78;232;50
78;234;50
79;53;70
79;54;10
79;235;10
79;237;70
80;53;50
80;54;100
80;238;70
80;240;10
81;53;10
81;54;50
81;241;50
81;243;100
82;53;100
82;54;100
82;244;10
82;246;10
83;55;50
83;56;10
83;57;10
83;247;50
83;249;70
84;56;100
84;57;10
84;250;100
84;252;50
85;56;50
85;57;50
85;253;10
85;255;10
86;56;70
86;57;100
86;256;10
86;258;100
87;56;70
87;57;70
87;259;70
87;261;10
88;58;10
88;59;70
88;60;100
88;262;70
88;264;50
89;59;10
89;60;50
89;265;70
89;267;50
90;59;10
90;60;70
90;268;50
90;270;50
91;59;100
91;60;100
91;271;100
91;273;100
92;59;10
92;60;10
92;274;70
92;276;70
93;61;100
93;62;100
93;63;50
93;277;10
93;279;50
94;62;70
94;63;50
94;280;10
94;282;70
95;62;100
95;63;70
95;283;100
95;285;70
96;62;50
96;63;70
96;286;10
96;288;70
97;62;50
97;63;100
97;289;100
97;291;70
98;64;70
98;65;100
98;66;50
98;292;10
98;294;50
99;65;100
99;66;100
99;295;70
99;297;100
100;65;100
100;66;100
100;298;100
101;65;10
101;66;70
102;65;10
102;66;10
103;67;10
103;68;70
103;69;50
104;68;10
104;69;10
105;68;70
105;69;10
106;68;100
106;69;100
107;68;50
107;69;100
108;70;10
108;71;50
108;72;100
109;71;70
109;72;10
110;71;100
110;72;100
111;71;70
111;72;100
112;71;100
112;72;100
113;73;50
113;74;70
113;75;50
114;74;50
114;75;100
115;74;50
115;75;70
116;74;70
116;75;70
117;74;10
117;75;50
118;76;50
118;77;100
118;78;50
119;77;100
119;78;50
120;77;50
120;78;70
121;77;50
121;78;70
122;77;10
122;78;100
123;79;100
123;80;100
123;81;70
124;80;100
124;81;10
125;80;50
125;81;50
126;80;50
126;81;100
127;80;50
127;81;100
128;82;50
128;83;100
128;84;50
129;83;70
129;84;70
130;83;50
130;84;100
131;83;50
131;84;70
132;83;10
132;84;100
133;85;70
133;86;10
133;87;100
134;86;70
134;87;100
135;86;100
135;87;10
136;86;10
136;87;10
137;86;100
137;87;10
138;88;50
138;89;10
138;90;50
139;89;10
139;90;100
140;89;100
140;90;70
141;89;50
141;90;100
142;89;70
142;90;50
143;91;50
143;92;100
143;93;10
144;92;10
144;93;10
145;92;10
145;93;100
146;92;10
146;93;50
147;92;50
147;93;50
148;94;100
148;95;50
148;96;50
149;95;50
149;96;10
150;95;10
150;96;50
151;95;100
151;96;100
152;95;100
152;96;50
153;97;100
153;98;70
153;99;10
154;98;10
154;99;10
155;98;100
155;99;100
156;98;50
156;99;70
157;98;50
157;99;70
158;98;100
158;99;70
159;100;70
159;101;10
159;102;50
160;101;70
160;102;70
161;101;10
161;102;50
162;101;70
162;102;70
163;101;50
163;102;50
164;101;50
164;102;100
165;103;100
165;104;70
165;105;50
166;104;70
166;105;10
167;104;70
167;105;10
168;104;50
168;105;70
169;104;100
169;105;70
170;104;10
170;105;10
171;106;50
171;107;50
171;108;10
172;107;10
172;108;50
173;107;50
173;108;50
174;107;10
174;108;50
175;107;70
175;108;50
176;107;70
176;108;50
177;109;50
177;110;100
177;111;100
178;110;70
178;111;70
179;110;10
179;111;10
180;110;10
180;111;100
181;110;70
181;111;50
182;110;50
182;111;10
183;112;100
183;113;100
183;114;100
184;113;100
184;114;70
185;113;100
185;114;100
186;113;70
186;114;70
187;113;100
187;114;50
188;113;10
188;114;70
189;115;70
189;116;100
189;117;10
190;116;100
190;117;10
191;116;70
191;117;10
192;116;100
192;117;50
193;116;50
193;117;70
194;116;50
194;117;100
195;118;50
195;119;10
195;120;10
196;119;70
196;120;50
197;119;70
197;120;10
198;119;50
198;120;10
199;119;100
199;120;100
200;119;70
200;120;100
201;121;50
201;122;100
201;123;10
202;122;50
202;123;100
203;122;10
203;123;70
204;122;50
204;123;50
205;122;10
205;123;100
206;122;100
206;123;70
207;124;50
207;125;100
207;126;50
208;125;100
208;126;50
209;125;70
209;126;70
210;125;100
210;126;100
211;125;100
211;126;70
212;125;50
212;126;100
213;127;50
213;128;100
213;129;70
214;128;50
214;129;50
215;128;10
215;129;50
216;128;10
216;129;70
217;128;50
217;129;10
218;128;100
218;129;50
219;130;10
219;131;50
219;132;50
220;131;70
220;132;100
221;131;70
221;132;10
222;131;70
222;132;100
223;131;70
223;132;100
224;131;100
224;132;50
225;133;50
225;134;100
225;135;50
226;134;70
226;135;100
227;134;50
227;135;10
228;134;100
228;135;70
229;134;100
229;135;100
230;134;50
230;135;70
231;136;100
231;137;50
231;138;100
232;137;10
232;138;70
233;137;10
233;138;50
234;137;100
234;138;100
235;137;10
235;138;100
236;137;100
236;138;70
237;139;100
237;140;70
237;141;50
238;140;70
238;141;70
239;140;10
239;141;50
240;140;70
240;141;70
241;140;100
241;141;10
242;140;50
242;141;70
243;142;10
243;143;100
243;144;50
244;143;50
244;144;50
245;143;100
245;144;100
246;143;100
246;144;70
247;143;10
247;144;70
248;143;10
248;144;10
249;145;10
249;146;10
249;147;50
250;146;70
250;147;10
251;146;70
251;147;10
252;146;100
252;147;50
253;146;50
253;147;10
254;146;70
254;147;70
255;148;10
255;149;50
255;150;50
256;149;50
256;150;50
257;149;100
257;150;100
258;149;10
258;150;10
259;149;70
259;150;70
260;149;10
260;150;100
261;151;70
261;152;10
261;153;70
262;152;100
262;153;70
263;152;10
263;153;70
264;152;10
264;153;100
265;152;70
265;153;100
266;152;100
266;153;50
267;154;50
267;155;50
267;156;50
268;155;100
268;156;50
269;155;10
269;156;50
270;155;10
270;156;70
271;155;100
271;156;70
272;155;50
272;156;70
273;157;10
273;158;50
273;159;70
274;158;100
274;159;10
275;158;70
275;159;100
276;158;50
276;159;70
277;158;10
277;159;10
278;158;100
278;159;50
279;160;70
279;161;70
279;162;50
280;161;10
280;162;10
281;161;70
281;162;70
282;161;10
282;162;70
283;161;70
283;162;70
284;161;100
284;162;10
285;163;100
285;164;50
285;165;70
286;164;100
286;165;10
287;164;50
287;165;70
288;164;50
288;165;100
289;164;70
289;165;10
290;164;10
290;165;50
291;166;70
291;167;70
291;168;100
292;167;70
292;168;10
293;167;10
293;168;10
294;167;70
294;168;100
295;167;100
295;168;100
296;167;10
296;168;10
297;169;50
297;170;100
297;171;10
298;170;10
298;171;100
299;170;70
299;171;10
300;170;10
300;171;50
301;170;10
301;171;10
302;170;70
302;171;10
303;172;100
303;173;10
303;174;50
304;173;50
304;174;70
305;173;10
305;174;70
306;173;70
306;174;100
307;173;10
307;174;10
308;173;70
308;174;70
309;175;70
309;176;100
309;177;70
310;176;70
310;177;50
311;176;100
311;177;70
312;176;50
312;177;10
313;176;50
313;177;50
314;176;100
314;177;100
315;178;50
315;179;100
315;180;70
316;179;100
316;180;50
317;179;70
317;180;70
318;179;70
318;180;100
319;179;10
319;180;50
320;179;70
320;180;50
321;181;70
321;182;50
321;183;50
322;182;70
322;183;70
323;182;100
323;183;50
324;182;10
324;183;100
325;182;10
325;183;10
326;182;70
326;183;70
327;184;10
327;185;100
327;186;100
328;185;50
328;186;70
329;185;50
329;186;70
330;185;50
330;186;70
331;185;100
331;186;70
332;185;70
332;186;70
333;187;70
333;188;100
333;189;10
334;188;50
334;189;100
335;188;100
335;189;100
336;188;100
336;189;10
337;188;100
337;189;100
338;188;10
338;189;70
339;190;10
339;191;100
339;192;70
340;191;50
340;192;100
341;191;50
341;192;10
342;191;50
342;192;50
343;191;50
343;192;70
344;191;50
344;192;100
345;193;10
345;194;70
345;195;100
346;194;10
346;195;10
347;194;70
347;195;100
348;194;10
348;195;50
349;194;70
349;195;10
350;194;70
350;195;10
351;196;100
351;197;50
351;198;10
352;197;100
352;198;50
353;197;50
353;198;100
354;197;100
354;198;100
355;197;10
355;198;100
356;197;50
356;198;50
357;199;10
357;200;100
357;201;10
358;200;10
358;201;50
359;200;50
359;201;70
360;200;100
360;201;10
361;200;50
361;201;70
362;200;70
362;201;10
363;202;10
363;203;10
363;204;50
364;203;70
364;204;70
365;203;100
365;204;10
366;203;70
366;204;50
367;203;70
367;204;10
368;203;70
368;204;70
369;205;50
369;206;10
369;207;10
370;206;50
370;207;10
371;206;10
371;207;10
372;206;100
372;207;70
373;206;10
373;207;10
374;206;70
374;207;100
375;208;100
375;209;100
375;210;100
376;209;70
376;210;10
377;209;70
377;210;50
378;209;100
378;210;50
379;209;50
379;210;70
380;209;70
380;210;70
381;211;100
381;212;70
381;213;10
382;212;100
382;213;70
383;212;50
383;213;100
384;212;50
384;213;70
385;212;50
385;213;50
386;212;100
386;213;10
387;214;10
387;215;100
387;216;100
388;215;50
388;216;50
389;215;50
389;216;50
390;215;100
390;216;70
391;215;10
391;216;70
392;215;50
392;216;10
393;217;10
393;218;70
393;219;10
394;218;50
394;219;10
395;218;50
395;219;50
396;218;100
396;219;70
397;218;50
397;219;100
398;218;70
398;219;50
399;220;10
399;221;50
399;222;70
400;221;70
400;222;100
401;221;50
401;222;70
402;221;70
402;222;70
403;221;10
403;222;10
404;221;100
404;222;100
405;223;100
405;224;70
405;225;70
406;224;10
406;225;50
407;224;10
407;225;50
408;224;10
408;225;70
409;224;50
409;225;100
410;224;50
410;225;100
411;226;50
411;227;100
411;228;50
412;227;10
412;228;10
413;227;50
413;228;50
414;227;50
414;228;70
415;227;50
415;228;100
416;227;100
416;228;50
417;229;70
417;230;50
417;231;70
418;230;10
418;231;100
419;230;100
419;231;100
420;230;70
420;231;50
421;230;10
421;231;70
422;230;10
422;231;100
423;232;70
423;233;10
423;234;100
424;233;10
424;234;70
425;233;10
425;234;10
426;233;100
426;234;100
427;233;10
427;234;70
428;233;70
428;234;10
429;235;10
429;236;100
429;237;10
430;236;100
430;237;70
431;236;70
431;237;100
432;236;50
432;237;10
433;236;10
433;237;70
434;236;10
434;237;50
435;238;50
435;239;70
435;240;50
436;239;100
436;240;70
437;239;100
437;240;100
438;239;70
438;240;70
439;239;50
439;240;50
440;239;70
440;240;70
441;241;50
441;242;100
441;243;70
442;242;70
442;243;100
443;242;10
443;243;50
444;242;50
444;243;100
445;242;70
445;243;50
446;242;10
446;243;50
447;244;100
447;245;70
447;246;10
448;245;70
448;246;50
449;245;10
449;246;70
450;245;100
450;246;10
451;245;70
451;246;10
452;245;10
452;246;10
453;247;70
453;248;50
453;249;70
454;248;50
454;249;50
455;248;100
455;249;50
456;248;10
456;249;50
457;248;50
457;249;10
458;248;70
458;249;10
459;250;100
459;251;70
459;252;50
460;251;10
460;252;100
461;251;10
461;252;70
462;251;70
462;252;50
463;251;10
463;252;100
464;251;10
464;252;70
465;253;50
465;254;70
465;255;50
466;254;100
466;255;100
467;254;70
467;255;100
468;254;50
468;255;70
469;254;70
469;255;10
470;254;10
470;255;50
471;256;70
471;257;100
471;258;50
472;257;70
472;258;100
473;257;10
473;258;50
474;257;70
474;258;70
475;257;100
475;258;70
476;257;10
476;258;10
477;259;70
477;260;50
477;261;10
478;260;50
478;261;70
479;260;50
479;261;100
480;260;70
480;261;10
481;260;10
481;261;10
482;260;100
482;261;70
483;262;10
483;263;70
483;264;10
484;263;10
484;264;70
485;263;10
485;264;100
486;263;100
486;264;50
487;263;10
487;264;10
488;263;70
488;264;10
489;265;50
489;266;10
489;267;100
490;266;10
490;267;100
491;266;70
491;267;50
492;266;70
492;267;100
493;266;70
493;267;100
494;266;50
494;267;100
495;268;50
495;269;10
495;270;70
496;269;10
496;270;70
497;269;100
497;270;70
498;269;50
498;270;100
499;269;70
499;270;10
500;269;50
500;270;100
501;271;10
501;272;70
501;273;70
502;272;10
502;273;70
503;272;10
503;273;100
504;272;70
504;273;70
505;272;70
505;273;50
506;272;100
506;273;70
507;274;70
507;275;100
507;276;70
508;275;70
508;276;10
509;275;70
509;276;70
510;275;100
510;276;50
511;275;70
511;276;50
512;275;70
512;276;10
513;277;100
513;278;50
513;279;70
514;278;100
514;279;70
515;278;100
515;279;100
516;278;100
516;279;10
517;278;70
517;279;50
518;278;100
518;279;10
519;280;70
519;281;10
519;282;70
520;281;100
520;282;10
521;281;10
521;282;100
522;281;10
522;282;70
523;281;100
523;282;10
524;281;50
524;282;50
525;283;10
525;284;100
525;285;10
526;284;70
526;285;10
527;284;100
527;285;10
528;284;70
528;285;10
529;284;70
529;285;10
530;284;10
530;285;100
531;286;100
531;287;10
531;288;100
532;287;100
532;288;70
533;287;50
533;288;70
534;287;100
534;288;10
535;287;70
535;288;50
536;287;50
536;288;70
537;289;50
537;290;50
537;291;100
538;290;70
538;291;50
539;290;100
539;291;10
540;290;10
540;291;100
541;290;70
541;291;10
542;290;70
542;291;50
543;292;70
543;293;100
543;294;50
544;293;100
544;294;10
545;293;50
545;294;10
546;293;10
546;294;100
547;293;50
547;294;50
548;293;70
548;294;70
549;295;10
549;296;100
549;297;50
550;296;10
550;297;50
551;296;10
551;297;50
552;296;50
552;297;50
553;296;70
553;297;50
554;296;10
554;297;50
555;298;10
555;299;100
556;299;100
557;299;50
558;299;50
559;299;70
560;299;70
0;0;80
0;1;70
0;2;60
0;3;50
0;4;40
0;5;30
0;6;20
0;7;10
1;0;10
1;1;20
1;2;30
1;3;40
1;4;50
1;5;60
1;6;70
1;7;80
2;0;10
2;1;20
2;2;30
2;3;40
2;4;50
2;5;60
2;6;70
2;7;80
3;0;10
3;1;20
3;2;30
3;3;40
3;4;50
3;5;60
3;6;70
3;7;80
4;0;10
4;1;10
4;2;10
4;3;10
4;4;10
4;5;10
4;6;10
4;7;10
5;0;10
5;1;10
5;2;10
5;3;10
5;4;10
5;5;10
5;6;10
5;7;10
6;0;10
6;1;10
6;2;10
6;3;10
6;4;10
6;5;10
6;6;10
6;7;10
7;0;10
7;1;20
7;2;30
7;3;40
7;4;50
7;5;60
7;6;70
7;7;80
8;0;10
8;1;20
8;2;30
8;3;40
8;4;50
8;5;60
8;6;70
8;7;80
9;0;10
9;1;20
9;2;30
9;3;40
9;4;50
9;5;60
9;6;70
9;7;80
10;0;10
10;1;10
10;2;10
10;3;10
10;4;10
10;5;10
10;6;10
10;7;10
11;0;10
11;1;10
11;2;10
11;3;10
11;4;10
11;5;10
11;6;10
11;7;10
12;0;10
12;1;10
12;2;10
12;3;10
12;4;10
12;5;10
12;6;10
12;7;10
13;0;80
13;1;70
13;2;60
13;3;50
13;4;40
13;5;30
13;6;20
13;7;10
14;0;80
14;1;70
14;2;60
14;3;50
14;4;40
14;5;30
14;6;20
14;7;10
15;0;10
15;1;20
15;2;30
15;3;40
15;4;50
15;5;60
15;6;70
15;7;80
16;0;10
16;1;20
16;2;30
16;3;40
16;4;50
16;5;60
16;6;70
16;7;80
17;0;10
17;1;20
17;2;30
17;3;40
17;4;50
17;5;60
17;6;70
17;7;80
18;0;10
18;1;10
18;2;10
18;3;10
18;4;10
18;5;10
18;6;10
18;7;10
19;0;10
19;1;10
19;2;10
19;3;10
19;4;10
19;5;10
19;6;10
19;7;10
20;0;80
20;1;70
20;2;60
20;3;50
20;4;40
20;5;30
20;6;20
20;7;10
21;0;10
21;1;10
21;2;10
21;3;10
21;4;10
21;5;10
21;6;10
21;7;10
22;0;80
22;1;70
22;2;60
22;3;50
22;4;40
22;5;30
22;6;20
22;7;10
23;0;80
23;1;70
23;2;60
23;3;50
23;4;40
23;5;30
23;6;20
23;7;10
24;0;80
24;1;70
24;2;60
24;3;50
24;4;40
24;5;30
24;6;20
24;7;10
25;0;80
25;1;70
25;2;60
25;3;50
25;4;40
25;5;30
25;6;20
25;7;10
26;0;10
26;1;20
26;2;30
26;3;40
26;4;50
26;5;60
26;6;70
26;7;80
27;0;10
27;1;20
27;2;30
27;3;40
27;4;50
27;5;60
27;6;70
27;7;80
28;0;10
28;1;10
28;2;10
28;3;10
28;4;10
28;5;10
28;6;10
28;7;10
29;0;80
29;1;70
29;2;60
29;3;50
29;4;40
29;5;30
29;6;20
29;7;10
30;0;10
30;1;10
30;2;10
30;3;10
30;4;10
30;5;10
30;6;10
30;7;10
31;0;10
31;1;20
31;2;30
31;3;40
31;4;50
31;5;60
31;6;70
31;7;80
32;0;80
32;1;70
32;2;60
32;3;50
32;4;40
32;5;30
32;6;20
32;7;10
33;0;10
33;1;10
33;2;10
33;3;10
33;4;10
33;5;10
33;6;10
33;7;10
34;0;10
34;1;10
34;2;10
34;3;10
34;4;10
34;5;10
34;6;10
34;7;10
35;0;80
35;1;70
35;2;60
35;3;50
35;4;40
35;5;30
35;6;20
35;7;10
36;0;10
36;1;20
36;2;30
36;3;40
36;4;50
36;5;60
36;6;70
36;7;80
37;0;10
37;1;10
37;2;10
37;3;10
37;4;10
37;5;10
37;6;10
37;7;10
38;0;10
38;1;20
38;2;30
38;3;40
38;4;50
38;5;60
38;6;70
38;7;80
39;0;10
39;1;20
39;2;30
39;3;40
39;4;50
39;5;60
39;6;70
39;7;80
40;0;10
40;1;10
40;2;10
40;3;10
40;4;10
40;5;10
40;6;10
40;7;10
41;0;10
41;1;20
41;2;30
41;3;40
41;4;50
41;5;60
41;6;70
41;7;80
42;0;10
42;1;10
42;2;10
42;3;10
42;4;10
42;5;10
42;6;10
42;7;10
43;0;80
43;1;70
43;2;60
43;3;50
43;4;40
43;5;30
43;6;20
43;7;10
44;0;80
44;1;70
44;2;60
44;3;50
44;4;40
44;5;30
44;6;20
44;7;10
45;0;80
45;1;70
45;2;60
45;3;50
45;4;40
45;5;30
45;6;20
45;7;10
46;0;10
46;1;20
46;2;30
46;3;40
46;4;50
46;5;60
46;6;70
46;7;80
47;0;10
47;1;20
47;2;30
47;3;40
47;4;50
47;5;60
47;6;70
47;7;80
48;0;10
48;1;20
48;2;30
48;3;40
48;4;50
48;5;60
48;6;70
48;7;80
49;0;10
49;1;20
49;2;30
49;3;40
49;4;50
49;5;60
49;6;70
49;7;80
50;0;80
50;1;70
50;2;60
50;3;50
50;4;40
50;5;30
50;6;20
50;7;10
51;0;80
51;1;70
51;2;60
51;3;50
51;4;40
51;5;30
51;6;20
51;7;10
52;0;80
52;1;70
52;2;60
52;3;50
52;4;40
52;5;30
52;6;20
52;7;10
53;0;10
53;1;10
53;2;10
53;3;10
53;4;10
53;5;10
53;6;10
53;7;10
54;0;10
54;1;20
54;2;30
54;3;40
54;4;50
54;5;60
54;6;70
54;7;80
55;0;10
55;1;10
55;2;10
55;3;10
55;4;10
55;5;10
55;6;10
55;7;10
56;0;80
56;1;70
56;2;60
56;3;50
56;4;40
56;5;30
56;6;20
56;7;10
57;0;10
57;1;10
57;2;10
57;3;10
57;4;10
57;5;10
57;6;10
57;7;10
58;0;10
58;1;10
58;2;10
58;3;10
58;4;10
58;5;10
58;6;10
58;7;10
59;0;10
59;1;20
59;2;30
59;3;40
59;4;50
59;5;60
59;6;70
59;7;80
60;0;80
60;1;70
60;2;60
60;3;50
60;4;40
60;5;30
60;6;20
60;7;10
61;0;10
61;1;10
61;2;10
61;3;10
61;4;10
61;5;10
61;6;10
61;7;10
62;0;10
62;1;10
62;2;10
62;3;10
62;4;10
62;5;10
62;6;10
62;7;10
63;0;80
63;1;70
63;2;60
63;3;50
63;4;40
63;5;30
63;6;20
63;7;10
64;0;10
64;1;10
64;2;10
64;3;10
64;4;10
64;5;10
64;6;10
64;7;10
65;0;10
65;1;10
65;2;10
65;3;10
65;4;10
65;5;10
65;6;10
65;7;10
66;0;80
66;1;70
66;2;60
66;3;50
66;4;40
66;5;30
66;6;20
66;7;10
67;0;10
67;1;10
67;2;10
67;3;10
67;4;10
67;5;10
67;6;10
67;7;10
68;0;80
68;1;70
68;2;60
68;3;50
68;4;40
68;5;30
68;6;20
68;7;10
69;0;10
69;1;20
69;2;30
69;3;40
69;4;50
69;5;60
69;6;70
69;7;80
70;0;10
70;1;20
70;2;30
70;3;40
70;4;50
70;5;60
70;6;70
70;7;80
71;0;10
71;1;20
71;2;30
71;3;40
71;4;50
71;5;60
71;6;70
71;7;80
72;0;10
72;1;20
72;2;30
72;3;40
72;4;50
72;5;60
72;6;70
72;7;80
73;0;10
73;1;10
73;2;10
73;3;10
73;4;10
73;5;10
73;6;10
73;7;10
74;0;10
74;1;20
74;2;30
74;3;40
74;4;50
74;5;60
74;6;70
74;7;80
75;0;10
75;1;10
75;2;10
75;3;10
75;4;10
75;5;10
75;6;10
75;7;10
76;0;10
76;1;10
76;2;10
76;3;10
76;4;10
76;5;10
76;6;10
76;7;10
77;0;80
77;1;70
77;2;60
77;3;50
77;4;40
77;5;30
77;6;20
77;7;10
78;0;80
78;1;70
78;2;60
78;3;50
78;4;40
78;5;30
78;6;20
78;7;10
79;0;10
79;1;20
79;2;30
79;3;40
79;4;50
79;5;60
79;6;70
79;7;80
80;0;80
80;1;70
80;2;60
80;3;50
80;4;40
80;5;30
80;6;20
80;7;10
81;0;80
81;1;70
81;2;60
81;3;50
81;4;40
81;5;30
81;6;20
81;7;10
82;0;80
82;1;70
82;2;60
82;3;50
82;4;40
82;5;30
82;6;20
82;7;10
83;0;10
83;1;20
83;2;30
83;3;40
83;4;50
83;5;60
83;6;70
83;7;80
84;0;10
84;1;20
84;2;30
84;3;40
84;4;50
84;5;60
84;6;70
84;7;80
85;0;10
85;1;20
85;2;30
85;3;40
85;4;50
85;5;60
85;6;70
85;7;80
86;0;80
86;1;70
86;2;60
86;3;50
86;4;40
86;5;30
86;6;20
86;7;10
87;0;80
87;1;70
87;2;60
87;3;50
87;4;40
87;5;30
87;6;20
87;7;10
88;0;80
88;1;70
88;2;60
88;3;50
88;4;40
88;5;30
88;6;20
88;7;10
89;0;10
89;1;10
89;2;10
89;3;10
89;4;10
89;5;10
89;6;10
89;7;10
90;0;10
90;1;10
90;2;10
90;3;10
90;4;10
90;5;10
90;6;10
90;7;10
91;0;80
91;1;70
91;2;60
91;3;50
91;4;40
91;5;30
91;6;20
91;7;10
92;0;80
92;1;70
92;2;60
92;3;50
92;4;40
92;5;30
92;6;20
92;7;10
93;0;10
93;1;20
93;2;30
93;3;40
93;4;50
93;5;60
93;6;70
93;7;80
94;0;80
94;1;70
94;2;60
94;3;50
94;4;40
94;5;30
94;6;20
94;7;10
95;0;10
95;1;10
95;2;10
95;3;10
95;4;10
95;5;10
95;6;10
95;7;10
96;0;10
96;1;10
96;2;10
96;3;10
96;4;10
96;5;10
96;6;10
96;7;10
97;0;10
97;1;20
97;2;30
97;3;40
97;4;50
97;5;60
97;6;70
97;7;80
98;0;10
98;1;10
98;2;10
98;3;10
98;4;10
98;5;10
98;6;10
98;7;10
99;0;10
99;1;10
99;2;10
99;3;10
99;4;10
99;5;10
99;6;10
99;7;10
100;0;10
100;1;10
100;2;10
100;3;10
100;4;10
100;5;10
100;6;10
100;7;10
101;0;80
101;1;70
101;2;60
101;3;50
101;4;40
101;5;30
101;6;20
101;7;10
102;0;10
102;1;10
102;2;10
102;3;10
102;4;10
102;5;10
102;6;10
102;7;10
103;0;80
103;1;70
103;2;60
103;3;50
103;4;40
103;5;30
103;6;20
103;7;10
104;0;10
104;1;10
104;2;10
104;3;10
104;4;10
104;5;10
104;6;10
104;7;10
105;0;10
105;1;20
105;2;30
105;3;40
105;4;50
105;5;60
105;6;70
105;7;80
106;0;10
106;1;10
106;2;10
106;3;10
106;4;10
106;5;10
106;6;10
106;7;10
107;0;10
107;1;10
107;2;10
107;3;10
107;4;10
107;5;10
107;6;10
107;7;10
108;0;80
108;1;70
108;2;60
108;3;50
108;4;40
108;5;30
108;6;20
108;7;10
109;0;10
109;1;20
109;2;30
109;3;40
109;4;50
109;5;60
109;6;70
109;7;80
110;0;10
110;1;10
110;2;10
110;3;10
110;4;10
110;5;10
110;6;10
110;7;10
111;0;10
111;1;20
111;2;30
111;3;40
111;4;50
111;5;60
111;6;70
111;7;80
112;0;80
112;1;70
112;2;60
112;3;50
112;4;40
112;5;30
112;6;20
112;7;10
113;0;10
113;1;10
113;2;10
113;3;10
113;4;10
113;5;10
113;6;10
113;7;10
114;0;80
114;1;70
114;2;60
114;3;50
114;4;40
114;5;30
114;6;20
114;7;10
115;0;10
115;1;20
115;2;30
115;3;40
115;4;50
115;5;60
115;6;70
115;7;80
116;0;10
116;1;10
116;2;10
116;3;10
116;4;10
116;5;10
116;6;10
116;7;10
117;0;10
117;1;10
117;2;10
117;3;10
117;4;10
117;5;10
117;6;10
117;7;10
118;0;10
118;1;20
118;2;30
118;3;40
118;4;50
118;5;60
118;6;70
118;7;80
119;0;80
119;1;70
119;2;60
119;3;50
119;4;40
119;5;30
119;6;20
119;7;10
120;0;10
120;1;10
120;2;10
120;3;10
120;4;10
120;5;10
120;6;10
120;7;10
121;0;80
121;1;70
121;2;60
121;3;50
121;4;40
121;5;30
121;6;20
121;7;10
122;0;10
122;1;20
122;2;30
122;3;40
122;4;50
122;5;60
122;6;70
122;7;80
123;0;10
123;1;10
123;2;10
123;3;10
123;4;10
123;5;10
123;6;10
123;7;10
124;0;80
124;1;70
124;2;60
124;3;50
124;4;40
124;5;30
124;6;20
124;7;10
125;0;10
125;1;20
125;2;30
125;3;40
125;4;50
125;5;60
125;6;70
125;7;80
126;0;80
126;1;70
126;2;60
126;3;50
126;4;40
126;5;30
126;6;20
126;7;10
127;0;10
127;1;20
127;2;30
127;3;40
127;4;50
127;5;60
127;6;70
127;7;80
128;0;10
128;1;20
128;2;30
128;3;40
128;4;50
128;5;60
128;6;70
128;7;80
129;0;10
129;1;20
129;2;30
129;3;40
129;4;50
129;5;60
129;6;70
129;7;80
130;0;10
130;1;10
130;2;10
130;3;10
130;4;10
130;5;10
130;6;10
130;7;10
131;0;80
131;1;70
131;2;60
131;3;50
131;4;40
131;5;30
131;6;20
131;7;10
132;0;10
132;1;10
132;2;10
132;3;10
132;4;10
132;5;10
132;6;10
132;7;10
133;0;10
133;1;20
133;2;30
133;3;40
133;4;50
133;5;60
133;6;70
133;7;80
134;0;80
134;1;70
134;2;60
134;3;50
134;4;40
134;5;30
134;6;20
134;7;10
135;0;10
135;1;20
135;2;30
135;3;40
135;4;50
135;5;60
135;6;70
135;7;80
136;0;10
136;1;10
136;2;10
136;3;10
136;4;10
136;5;10
136;6;10
136;7;10
137;0;10
137;1;20
137;2;30
137;3;40
137;4;50
137;5;60
137;6;70
137;7;80
138;0;10
138;1;20
138;2;30
138;3;40
138;4;50
138;5;60
138;6;70
138;7;80
139;0;80
139;1;70
139;2;60
139;3;50
139;4;40
139;5;30
139;6;20
139;7;10
140;0;10
140;1;10
140;2;10
140;3;10
140;4;10
140;5;10
140;6;10
140;7;10
141;0;10
141;1;10
141;2;10
141;3;10
141;4;10
141;5;10
141;6;10
141;7;10
142;0;80
142;1;70
142;2;60
142;3;50
142;4;40
142;5;30
142;6;20
142;7;10
143;0;80
143;1;70
143;2;60
143;3;50
143;4;40
143;5;30
143;6;20
143;7;10
144;0;10
144;1;20
144;2;30
144;3;40
144;4;50
144;5;60
144;6;70
144;7;80
145;0;10
145;1;10
145;2;10
145;3;10
145;4;10
145;5;10
145;6;10
145;7;10
146;0;10
146;1;20
146;2;30
146;3;40
146;4;50
146;5;60
146;6;70
146;7;80
147;0;80
147;1;70
147;2;60
147;3;50
147;4;40
147;5;30
147;6;20
147;7;10
148;0;10
148;1;10
148;2;10
148;3;10
148;4;10
148;5;10
148;6;10
148;7;10
149;0;10
149;1;20
149;2;30
149;3;40
149;4;50
149;5;60
149;6;70
149;7;80
150;0;10
150;1;20
150;2;30
150;3;40
150;4;50
150;5;60
150;6;70
150;7;80
151;0;10
151;1;10
151;2;10
151;3;10
151;4;10
151;5;10
151;6;10
151;7;10
152;0;10
152;1;20
152;2;30
152;3;40
152;4;50
152;5;60
152;6;70
152;7;80
153;0;10
153;1;20
153;2;30
153;3;40
153;4;50
153;5;60
153;6;70
153;7;80
154;0;10
154;1;20
154;2;30
154;3;40
154;4;50
154;5;60
154;6;70
154;7;80
155;0;80
155;1;70
155;2;60
155;3;50
155;4;40
155;5;30
155;6;20
155;7;10
156;0;10
156;1;20
156;2;30
156;3;40
156;4;50
156;5;60
156;6;70
156;7;80
157;0;10
157;1;10
157;2;10
157;3;10
157;4;10
157;5;10
157;6;10
157;7;10
158;0;10
158;1;10
158;2;10
158;3;10
158;4;10
158;5;10
158;6;10
158;7;10
159;0;10
159;1;20
159;2;30
159;3;40
159;4;50
159;5;60
159;6;70
159;7;80
160;0;80
160;1;70
160;2;60
160;3;50
160;4;40
160;5;30
160;6;20
160;7;10
161;0;10
161;1;20
161;2;30
161;3;40
161;4;50
161;5;60
161;6;70
161;7;80
162;0;80
162;1;70
162;2;60
162;3;50
162;4;40
162;5;30
162;6;20
162;7;10
163;0;10
163;1;10
163;2;10
163;3;10
163;4;10
163;5;10
163;6;10
163;7;10
164;0;10
164;1;10
164;2;10
164;3;10
164;4;10
164;5;10
164;6;10
164;7;10
165;0;80
165;1;70
165;2;60
165;3;50
165;4;40
165;5;30
165;6;20
165;7;10
166;0;80
166;1;70
166;2;60
166;3;50
166;4;40
166;5;30
166;6;20
166;7;10
167;0;10
167;1;10
167;2;10
167;3;10
167;4;10
167;5;10
167;6;10
167;7;10
168;0;10
168;1;10
168;2;10
168;3;10
168;4;10
168;5;10
168;6;10
168;7;10
169;0;80
169;1;70
169;2;60
169;3;50
169;4;40
169;5;30
169;6;20
169;7;10
170;0;10
170;1;20
170;2;30
170;3;40
170;4;50
170;5;60
170;6;70
170;7;80
171;0;10
171;1;20
171;2;30
171;3;40
171;4;50
171;5;60
171;6;70
171;7;80
172;0;10
172;1;10
172;2;10
172;3;10
172;4;10
172;5;10
172;6;10
172;7;10
173;0;10
173;1;10
173;2;10
173;3;10
173;4;10
173;5;10
173;6;10
173;7;10
174;0;10
174;1;20
174;2;30
174;3;40
174;4;50
174;5;60
174;6;70
174;7;80
175;0;10
175;1;10
175;2;10
175;3;10
175;4;10
175;5;10
175;6;10
175;7;10
176;0;10
176;1;10
176;2;10
176;3;10
176;4;10
176;5;10
176;6;10
176;7;10
177;0;10
177;1;10
177;2;10
177;3;10
177;4;10
177;5;10
177;6;10
177;7;10
178;0;80
178;1;70
178;2;60
178;3;50
178;4;40
178;5;30
178;6;20
178;7;10
179;0;80
179;1;70
179;2;60
179;3;50
179;4;40
179;5;30
179;6;20
179;7;10
180;0;80
180;1;70
180;2;60
180;3;50
180;4;40
180;5;30
180;6;20
180;7;10
181;0;10
181;1;10
181;2;10
181;3;10
181;4;10
181;5;10
181;6;10
181;7;10
182;0;80
182;1;70
182;2;60
182;3;50
182;4;40
182;5;30
182;6;20
182;7;10
183;0;10
183;1;20
183;2;30
183;3;40
183;4;50
183;5;60
183;6;70
183;7;80
184;0;10
184;1;10
184;2;10
184;3;10
184;4;10
184;5;10
184;6;10
184;7;10
185;0;10
185;1;10
185;2;10
185;3;10
185;4;10
185;5;10
185;6;10
185;7;10
186;0;10
186;1;20
186;2;30
186;3;40
186;4;50
186;5;60
186;6;70
186;7;80
187;0;10
187;1;20
187;2;30
187;3;40
187;4;50
187;5;60
187;6;70
187;7;80
188;0;10
188;1;10
188;2;10
188;3;10
188;4;10
188;5;10
188;6;10
188;7;10
189;0;80
189;1;70
189;2;60
189;3;50
189;4;40
189;5;30
189;6;20
189;7;10
190;0;10
190;1;10
190;2;10
190;3;10
190;4;10
190;5;10
190;6;10
190;7;10
191;0;10
191;1;10
191;2;10
191;3;10
191;4;10
191;5;10
191;6;10
191;7;10
192;0;10
192;1;20
192;2;30
192;3;40
192;4;50
192;5;60
192;6;70
192;7;80
193;0;10
193;1;20
193;2;30
193;3;40
193;4;50
193;5;60
193;6;70
193;7;80
194;0;10
194;1;10
194;2;10
194;3;10
194;4;10
194;5;10
194;6;10
194;7;10
195;0;80
195;1;70
195;2;60
195;3;50
195;4;40
195;5;30
195;6;20
195;7;10
196;0;10
196;1;20
196;2;30
196;3;40
196;4;50
196;5;60
196;6;70
196;7;80
197;0;80
197;1;70
197;2;60
197;3;50
197;4;40
197;5;30
197;6;20
197;7;10
198;0;10
198;1;10
198;2;10
198;3;10
198;4;10
198;5;10
198;6;10
198;7;10
199;0;10
199;1;10
199;2;10
199;3;10
199;4;10
199;5;10
199;6;10
199;7;10
200;0;10
200;1;10
200;2;10
200;3;10
200;4;10
200;5;10
200;6;10
200;7;10
201;0;80
201;1;70
201;2;60
201;3;50
201;4;40
201;5;30
201;6;20
201;7;10
202;0;10
202;1;10
202;2;10
202;3;10
202;4;10
202;5;10
202;6;10
202;7;10
203;0;10
203;1;10
203;2;10
203;3;10
203;4;10
203;5;10
203;6;10
203;7;10
204;0;80
204;1;70
204;2;60
204;3;50
204;4;40
204;5;30
204;6;20
204;7;10
205;0;10
205;1;20
205;2;30
205;3;40
205;4;50
205;5;60
205;6;70
205;7;80
206;0;10
206;1;20
206;2;30
206;3;40
206;4;50
206;5;60
206;6;70
206;7;80
207;0;80
207;1;70
207;2;60
207;3;50
207;4;40
207;5;30
207;6;20
207;7;10
208;0;10
208;1;10
208;2;10
208;3;10
208;4;10
208;5;10
208;6;10
208;7;10
209;0;80
209;1;70
209;2;60
209;3;50
209;4;40
209;5;30
209;6;20
209;7;10
210;0;80
210;1;70
210;2;60
210;3;50
210;4;40
210;5;30
210;6;20
210;7;10
211;0;10
211;1;20
211;2;30
211;3;40
211;4;50
211;5;60
211;6;70
211;7;80
212;0;80
212;1;70
212;2;60
212;3;50
212;4;40
212;5;30
212;6;20
212;7;10
213;0;10
213;1;20
213;2;30
213;3;40
213;4;50
213;5;60
213;6;70
213;7;80
214;0;10
214;1;10
214;2;10
214;3;10
214;4;10
214;5;10
214;6;10
214;7;10
215;0;10
215;1;10
215;2;10
215;3;10
215;4;10
215;5;10
215;6;10
215;7;10
216;0;80
216;1;70
216;2;60
216;3;50
216;4;40
216;5;30
216;6;20
216;7;10
217;0;10
217;1;20
217;2;30
217;3;40
217;4;50
217;5;60
217;6;70
217;7;80
218;0;10
218;1;20
218;2;30
218;3;40
218;4;50
218;5;60
218;6;70
218;7;80
219;0;10
219;1;10
219;2;10
219;3;10
219;4;10
219;5;10
219;6;10
219;7;10
220;0;10
220;1;20
220;2;30
220;3;40
220;4;50
220;5;60
220;6;70
220;7;80
221;0;80
221;1;70
221;2;60
221;3;50
221;4;40
221;5;30
221;6;20
221;7;10
222;0;10
222;1;10
222;2;10
222;3;10
222;4;10
222;5;10
222;6;10
222;7;10
223;0;80
223;1;70
223;2;60
223;3;50
223;4;40
223;5;30
223;6;20
223;7;10
224;0;80
224;1;70
224;2;60
224;3;50
224;4;40
224;5;30
224;6;20
224;7;10
225;0;10
225;1;20
225;2;30
225;3;40
225;4;50
225;5;60
225;6;70
225;7;80
226;0;10
226;1;20
226;2;30
226;3;40
226;4;50
226;5;60
226;6;70
226;7;80
227;0;10
227;1;20
227;2;30
227;3;40
227;4;50
227;5;60
227;6;70
227;7;80
228;0;10
228;1;20
228;2;30
228;3;40
228;4;50
228;5;60
228;6;70
228;7;80
229;0;80
229;1;70
229;2;60
229;3;50
229;4;40
229;5;30
229;6;20
229;7;10
230;0;80
230;1;70
230;2;60
230;3;50
230;4;40
230;5;30
230;6;20
230;7;10
231;0;10
231;1;20
231;2;30
231;3;40
231;4;50
231;5;60
231;6;70
231;7;80
232;0;10
232;1;20
232;2;30
232;3;40
232;4;50
232;5;60
232;6;70
232;7;80
233;0;10
233;1;10
233;2;10
233;3;10
233;4;10
233;5;10
233;6;10
233;7;10
234;0;10
234;1;10
234;2;10
234;3;10
234;4;10
234;5;10
234;6;10
234;7;10
235;0;10
235;1;10
235;2;10
235;3;10
235;4;10
235;5;10
235;6;10
235;7;10
236;0;80
236;1;70
236;2;60
236;3;50
236;4;40
236;5;30
236;6;20
236;7;10
237;0;80
237;1;70
237;2;60
237;3;50
237;4;40
237;5;30
237;6;20
237;7;10
238;0;10
238;1;10
238;2;10
238;3;10
238;4;10
238;5;10
238;6;10
238;7;10
239;0;10
239;1;20
239;2;30
239;3;40
239;4;50
239;5;60
239;6;70
239;7;80
240;0;80
240;1;70
240;2;60
240;3;50
240;4;40
240;5;30
240;6;20
240;7;10
241;0;80
241;1;70
241;2;60
241;3;50
241;4;40
241;5;30
241;6;20
241;7;10
242;0;10
242;1;20
242;2;30
242;3;40
242;4;50
242;5;60
242;6;70
242;7;80
243;0;80
243;1;70
243;2;60
243;3;50
243;4;40
243;5;30
243;6;20
243;7;10
244;0;80
244;1;70
244;2;60
244;3;50
244;4;40
244;5;30
244;6;20
244;7;10
245;0;80
245;1;70
245;2;60
245;3;50
245;4;40
245;5;30
245;6;20
245;7;10
246;0;80
246;1;70
246;2;60
246;3;50
246;4;40
246;5;30
246;6;20
246;7;10
247;0;10
247;1;20
247;2;30
247;3;40
247;4;50
247;5;60
247;6;70
247;7;80
248;0;10
248;1;20
248;2;30
248;3;40
248;4;50
248;5;60
248;6;70
248;7;80
249;0;80
249;1;70
249;2;60
249;3;50
249;4;40
249;5;30
249;6;20
249;7;10
250;0;10
250;1;10
250;2;10
250;3;10
250;4;10
250;5;10
250;6;10
250;7;10
251;0;80
251;1;70
251;2;60
251;3;50
251;4;40
251;5;30
251;6;20
251;7;10
252;0;10
252;1;20
252;2;30
252;3;40
252;4;50
252;5;60
252;6;70
252;7;80
253;0;10
253;1;20
253;2;30
253;3;40
253;4;50
253;5;60
253;6;70
253;7;80
254;0;80
254;1;70
254;2;60
254;3;50
254;4;40
254;5;30
254;6;20
254;7;10
255;0;10
255;1;10
255;2;10
255;3;10
255;4;10
255;5;10
255;6;10
255;7;10
256;0;80
256;1;70
256;2;60
256;3;50
256;4;40
256;5;30
256;6;20
256;7;10
257;0;10
257;1;20
257;2;30
257;3;40
257;4;50
257;5;60
257;6;70
257;7;80
258;0;10
258;1;20
258;2;30
258;3;40
258;4;50
258;5;60
258;6;70
258;7;80
259;0;80
259;1;70
259;2;60
259;3;50
259;4;40
259;5;30
259;6;20
259;7;10
260;0;10
260;1;20
260;2;30
260;3;40
260;4;50
260;5;60
260;6;70
260;7;80
261;0;10
261;1;10
261;2;10
261;3;10
261;4;10
261;5;10
261;6;10
261;7;10
262;0;10
262;1;20
262;2;30
262;3;40
262;4;50
262;5;60
262;6;70
262;7;80
263;0;80
263;1;70
263;2;60
263;3;50
263;4;40
263;5;30
263;6;20
263;7;10
264;0;80
264;1;70
264;2;60
264;3;50
264;4;40
264;5;30
264;6;20
264;7;10
265;0;80
265;1;70
265;2;60
265;3;50
265;4;40
265;5;30
265;6;20
265;7;10
266;0;10
266;1;20
266;2;30
266;3;40
266;4;50
266;5;60
266;6;70
266;7;80
267;0;10
267;1;10
267;2;10
267;3;10
267;4;10
267;5;10
267;6;10
267;7;10
268;0;10
268;1;10
268;2;10
268;3;10
268;4;10
268;5;10
268;6;10
268;7;10
269;0;10
269;1;20
269;2;30
269;3;40
269;4;50
269;5;60
269;6;70
269;7;80
270;0;10
270;1;10
270;2;10
270;3;10
270;4;10
270;5;10
270;6;10
270;7;10
271;0;80
271;1;70
271;2;60
271;3;50
271;4;40
271;5;30
271;6;20
271;7;10
272;0;10
272;1;10
272;2;10
272;3;10
272;4;10
272;5;10
272;6;10
272;7;10
273;0;10
273;1;10
273;2;10
273;3;10
273;4;10
273;5;10
273;6;10
273;7;10
274;0;10
274;1;20
274;2;30
274;3;40
274;4;50
274;5;60
274;6;70
274;7;80
275;0;10
275;1;10
275;2;10
275;3;10
275;4;10
275;5;10
275;6;10
275;7;10
276;0;10
276;1;20
276;2;30
276;3;40
276;4;50
276;5;60
276;6;70
276;7;80
277;0;80
277;1;70
277;2;60
277;3;50
277;4;40
277;5;30
277;6;20
277;7;10
278;0;10
278;1;10
278;2;10
278;3;10
278;4;10
278;5;10
278;6;10
278;7;10
279;0;10
279;1;20
279;2;30
279;3;40
279;4;50
279;5;60
279;6;70
279;7;80
280;0;10
280;1;20
280;2;30
280;3;40
280;4;50
280;5;60
280;6;70
280;7;80
281;0;10
281;1;10
281;2;10
281;3;10
281;4;10
281;5;10
281;6;10
281;7;10
282;0;10
282;1;10
282;2;10
282;3;10
282;4;10
282;5;10
282;6;10
282;7;10
283;0;10
283;1;20
283;2;30
283;3;40
283;4;50
283;5;60
283;6;70
283;7;80
284;0;10
284;1;20
284;2;30
284;3;40
284;4;50
284;5;60
284;6;70
284;7;80
285;0;10
285;1;10
285;2;10
285;3;10
285;4;10
285;5;10
285;6;10
285;7;10
286;0;80
286;1;70
286;2;60
286;3;50
286;4;40
286;5;30
286;6;20
286;7;10
287;0;10
287;1;20
287;2;30
287;3;40
287;4;50
287;5;60
287;6;70
287;7;80
288;0;10
288;1;20
288;2;30
288;3;40
288;4;50
288;5;60
288;6;70
288;7;80
289;0;10
289;1;10
289;2;10
289;3;10
289;4;10
289;5;10
289;6;10
289;7;10
290;0;10
290;1;10
290;2;10
290;3;10
290;4;10
290;5;10
290;6;10
290;7;10
291;0;80
291;1;70
291;2;60
291;3;50
291;4;40
291;5;30
291;6;20
291;7;10
292;0;10
292;1;20
292;2;30
292;3;40
292;4;50
292;5;60
292;6;70
292;7;80
293;0;80
293;1;70
293;2;60
293;3;50
293;4;40
293;5;30
293;6;20
293;7;10
294;0;10
294;1;20
294;2;30
294;3;40
294;4;50
294;5;60
294;6;70
294;7;80
295;0;10
295;1;20
295;2;30
295;3;40
295;4;50
295;5;60
295;6;70
295;7;80
296;0;80
296;1;70
296;2;60
296;3;50
296;4;40
296;5;30
296;6;20
296;7;10
297;0;80
297;1;70
297;2;60
297;3;50
297;4;40
297;5;30
297;6;20
297;7;10
298;0;80
298;1;70
298;2;60
298;3;50
298;4;40
298;5;30
298;6;20
298;7;10
299;0;10
299;1;10
299;2;10
299;3;10
299;4;10
299;5;10
299;6;10
299;7;10
300;0;80
300;1;70
300;2;60
300;3;50
300;4;40
300;5;30
300;6;20
300;7;10
301;0;80
301;1;70
301;2;60
301;3;50
301;4;40
301;5;30
301;6;20
301;7;10
302;0;10
302;1;20
302;2;30
302;3;40
302;4;50
302;5;60
302;6;70
302;7;80
303;0;80
303;1;70
303;2;60
303;3;50
303;4;40
303;5;30
303;6;20
303;7;10
304;0;10
304;1;20
304;2;30
304;3;40
304;4;50
304;5;60
304;6;70
304;7;80
305;0;10
305;1;10
305;2;10
305;3;10
305;4;10
305;5;10
305;6;10
305;7;10
306;0;80
306;1;70
306;2;60
306;3;50
306;4;40
306;5;30
306;6;20
306;7;10
307;0;80
307;1;70
307;2;60
307;3;50
307;4;40
307;5;30
307;6;20
307;7;10
308;0;80
308;1;70
308;2;60
308;3;50
308;4;40
308;5;30
308;6;20
308;7;10
309;0;10
309;1;10
309;2;10
309;3;10
309;4;10
309;5;10
309;6;10
309;7;10
310;0;10
310;1;20
310;2;30
310;3;40
310;4;50
310;5;60
310;6;70
310;7;80
311;0;10
311;1;20
311;2;30
311;3;40
311;4;50
311;5;60
311;6;70
311;7;80
312;0;80
312;1;70
312;2;60
312;3;50
312;4;40
312;5;30
312;6;20
312;7;10
313;0;10
313;1;10
313;2;10
313;3;10
313;4;10
313;5;10
313;6;10
313;7;10
314;0;80
314;1;70
314;2;60
314;3;50
314;4;40
314;5;30
314;6;20
314;7;10
315;0;80
315;1;70
315;2;60
315;3;50
315;4;40
315;5;30
315;6;20
315;7;10
316;0;10
316;1;20
316;2;30
316;3;40
316;4;50
316;5;60
316;6;70
316;7;80
317;0;80
317;1;70
317;2;60
317;3;50
317;4;40
317;5;30
317;6;20
317;7;10
318;0;10
318;1;10
318;2;10
318;3;10
318;4;10
318;5;10
318;6;10
318;7;10
319;0;10
319;1;20
319;2;30
319;3;40
319;4;50
319;5;60
319;6;70
319;7;80
320;0;10
320;1;10
320;2;10
320;3;10
320;4;10
320;5;10
320;6;10
320;7;10
321;0;10
321;1;20
321;2;30
321;3;40
321;4;50
321;5;60
321;6;70
321;7;80
322;0;10
322;1;20
322;2;30
322;3;40
322;4;50
322;5;60
322;6;70
322;7;80
323;0;10
323;1;20
323;2;30
323;3;40
323;4;50
323;5;60
323;6;70
323;7;80
324;0;10
324;1;20
324;2;30
324;3;40
324;4;50
324;5;60
324;6;70
324;7;80
325;0;10
325;1;10
325;2;10
325;3;10
325;4;10
325;5;10
325;6;10
325;7;10
326;0;10
326;1;20
326;2;30
326;3;40
326;4;50
326;5;60
326;6;70
326;7;80
327;0;10
327;1;10
327;2;10
327;3;10
327;4;10
327;5;10
327;6;10
327;7;10
328;0;10
328;1;20
328;2;30
328;3;40
328;4;50
328;5;60
328;6;70
328;7;80
329;0;10
329;1;20
329;2;30
329;3;40
329;4;50
329;5;60
329;6;70
329;7;80
330;0;10
330;1;20
330;2;30
330;3;40
330;4;50
330;5;60
330;6;70
330;7;80
331;0;80
331;1;70
331;2;60
331;3;50
331;4;40
331;5;30
331;6;20
331;7;10
332;0;80
332;1;70
332;2;60
332;3;50
332;4;40
332;5;30
332;6;20
332;7;10
333;0;10
333;1;10
333;2;10
333;3;10
333;4;10
333;5;10
333;6;10
333;7;10
334;0;80
334;1;70
334;2;60
334;3;50
334;4;40
334;5;30
334;6;20
334;7;10
335;0;80
335;1;70
335;2;60
335;3;50
335;4;40
335;5;30
335;6;20
335;7;10
336;0;80
336;1;70
336;2;60
336;3;50
336;4;40
336;5;30
336;6;20
336;7;10
337;0;80
337;1;70
337;2;60
337;3;50
337;4;40
337;5;30
337;6;20
337;7;10
338;0;10
338;1;10
338;2;10
338;3;10
338;4;10
338;5;10
338;6;10
338;7;10
339;0;10
339;1;10
339;2;10
339;3;10
339;4;10
339;5;10
339;6;10
339;7;10
340;0;80
340;1;70
340;2;60
340;3;50
340;4;40
340;5;30
340;6;20
340;7;10
341;0;80
341;1;70
341;2;60
341;3;50
341;4;40
341;5;30
341;6;20
341;7;10
342;0;80
342;1;70
342;2;60
342;3;50
342;4;40
342;5;30
342;6;20
342;7;10
343;0;10
343;1;20
343;2;30
343;3;40
343;4;50
343;5;60
343;6;70
343;7;80
344;0;80
344;1;70
344;2;60
344;3;50
344;4;40
344;5;30
344;6;20
344;7;10
345;0;80
345;1;70
345;2;60
345;3;50
345;4;40
345;5;30
345;6;20
345;7;10
346;0;10
346;1;10
346;2;10
346;3;10
346;4;10
346;5;10
346;6;10
346;7;10
347;0;80
347;1;70
347;2;60
347;3;50
347;4;40
347;5;30
347;6;20
347;7;10
348;0;10
348;1;10
348;2;10
348;3;10
348;4;10
348;5;10
348;6;10
348;7;10
349;0;10
349;1;10
349;2;10
349;3;10
349;4;10
349;5;10
349;6;10
349;7;10
350;0;80
350;1;70
350;2;60
350;3;50
350;4;40
350;5;30
350;6;20
350;7;10
351;0;80
351;1;70
351;2;60
351;3;50
351;4;40
351;5;30
351;6;20
351;7;10
352;0;80
352;1;70
352;2;60
352;3;50
352;4;40
352;5;30
352;6;20
352;7;10
353;0;80
353;1;70
353;2;60
353;3;50
353;4;40
353;5;30
353;6;20
353;7;10
354;0;10
354;1;10
354;2;10
354;3;10
354;4;10
354;5;10
354;6;10
354;7;10
355;0;80
355;1;70
355;2;60
355;3;50
355;4;40
355;5;30
355;6;20
355;7;10
356;0;10
356;1;20
356;2;30
356;3;40
356;4;50
356;5;60
356;6;70
356;7;80
357;0;10
357;1;20
357;2;30
357;3;40
357;4;50
357;5;60
357;6;70
357;7;80
358;0;80
358;1;70
358;2;60
358;3;50
358;4;40
358;5;30
358;6;20
358;7;10
359;0;10
359;1;10
359;2;10
359;3;10
359;4;10
359;5;10
359;6;10
359;7;10
360;0;10
360;1;20
360;2;30
360;3;40
360;4;50
360;5;60
360;6;70
360;7;80
361;0;10
361;1;10
361;2;10
361;3;10
361;4;10
361;5;10
361;6;10
361;7;10
362;0;10
362;1;20
362;2;30
362;3;40
362;4;50
362;5;60
362;6;70
362;7;80
363;0;10
363;1;10
363;2;10
363;3;10
363;4;10
363;5;10
363;6;10
363;7;10
364;0;10
364;1;20
364;2;30
364;3;40
364;4;50
364;5;60
364;6;70
364;7;80
365;0;10
365;1;10
365;2;10
365;3;10
365;4;10
365;5;10
365;6;10
365;7;10
366;0;80
366;1;70
366;2;60
366;3;50
366;4;40
366;5;30
366;6;20
366;7;10
367;0;10
367;1;10
367;2;10
367;3;10
367;4;10
367;5;10
367;6;10
367;7;10
368;0;10
368;1;20
368;2;30
368;3;40
368;4;50
368;5;60
368;6;70
368;7;80
369;0;10
369;1;20
369;2;30
369;3;40
369;4;50
369;5;60
369;6;70
369;7;80
370;0;10
370;1;20
370;2;30
370;3;40
370;4;50
370;5;60
370;6;70
370;7;80
371;0;10
371;1;20
371;2;30
371;3;40
371;4;50
371;5;60
371;6;70
371;7;80
372;0;80
372;1;70
372;2;60
372;3;50
372;4;40
372;5;30
372;6;20
372;7;10
373;0;10
373;1;10
373;2;10
373;3;10
373;4;10
373;5;10
373;6;10
373;7;10
374;0;10
374;1;10
374;2;10
374;3;10
374;4;10
374;5;10
374;6;10
374;7;10
375;0;10
375;1;20
375;2;30
375;3;40
375;4;50
375;5;60
375;6;70
375;7;80
376;0;10
376;1;10
376;2;10
376;3;10
376;4;10
376;5;10
376;6;10
376;7;10
377;0;10
377;1;20
377;2;30
377;3;40
377;4;50
377;5;60
377;6;70
377;7;80
378;0;80
378;1;70
378;2;60
378;3;50
378;4;40
378;5;30
378;6;20
378;7;10
379;0;10
379;1;10
379;2;10
379;3;10
379;4;10
379;5;10
379;6;10
379;7;10
380;0;80
380;1;70
380;2;60
380;3;50
380;4;40
380;5;30
380;6;20
380;7;10
381;0;10
381;1;20
381;2;30
381;3;40
381;4;50
381;5;60
381;6;70
381;7;80
382;0;80
382;1;70
382;2;60
382;3;50
382;4;40
382;5;30
382;6;20
382;7;10
383;0;80
383;1;70
383;2;60
383;3;50
383;4;40
383;5;30
383;6;20
383;7;10
384;0;10
384;1;20
384;2;30
384;3;40
384;4;50
384;5;60
384;6;70
384;7;80
385;0;10
385;1;20
385;2;30
385;3;40
385;4;50
385;5;60
385;6;70
385;7;80
386;0;80
386;1;70
386;2;60
386;3;50
386;4;40
386;5;30
386;6;20
386;7;10
387;0;10
387;1;20
387;2;30
387;3;40
387;4;50
387;5;60
387;6;70
387;7;80
388;0;80
388;1;70
388;2;60
388;3;50
388;4;40
388;5;30
388;6;20
388;7;10
389;0;80
389;1;70
389;2;60
389;3;50
389;4;40
389;5;30
389;6;20
389;7;10
390;0;10
390;1;10
390;2;10
390;3;10
390;4;10
390;5;10
390;6;10
390;7;10
391;0;10
391;1;10
391;2;10
391;3;10
391;4;10
391;5;10
391;6;10
391;7;10
392;0;10
392;1;20
392;2;30
392;3;40
392;4;50
392;5;60
392;6;70
392;7;80
393;0;10
393;1;20
393;2;30
393;3;40
393;4;50
393;5;60
393;6;70
393;7;80
394;0;10
394;1;10
394;2;10
394;3;10
394;4;10
394;5;10
394;6;10
394;7;10
395;0;80
395;1;70
395;2;60
395;3;50
395;4;40
395;5;30
395;6;20
395;7;10
396;0;10
396;1;20
396;2;30
396;3;40
396;4;50
396;5;60
396;6;70
396;7;80
397;0;10
397;1;20
397;2;30
397;3;40
397;4;50
397;5;60
397;6;70
397;7;80
398;0;10
398;1;10
398;2;10
398;3;10
398;4;10
398;5;10
398;6;10
398;7;10
399;0;10
399;1;10
399;2;10
399;3;10
399;4;10
399;5;10
399;6;10
399;7;10
400;0;10
400;1;20
400;2;30
400;3;40
400;4;50
400;5;60
400;6;70
400;7;80
401;0;10
401;1;10
401;2;10
401;3;10
401;4;10
401;5;10
401;6;10
401;7;10
402;0;10
402;1;20
402;2;30
402;3;40
402;4;50
402;5;60
402;6;70
402;7;80
403;0;10
403;1;10
403;2;10
403;3;10
403;4;10
403;5;10
403;6;10
403;7;10
404;0;10
404;1;10
404;2;10
404;3;10
404;4;10
404;5;10
404;6;10
404;7;10
405;0;10
405;1;10
405;2;10
405;3;10
405;4;10
405;5;10
405;6;10
405;7;10
406;0;10
406;1;20
406;2;30
406;3;40
406;4;50
406;5;60
406;6;70
406;7;80
407;0;80
407;1;70
407;2;60
407;3;50
407;4;40
407;5;30
407;6;20
407;7;10
408;0;10
408;1;20
408;2;30
408;3;40
408;4;50
408;5;60
408;6;70
408;7;80
409;0;80
409;1;70
409;2;60
409;3;50
409;4;40
409;5;30
409;6;20
409;7;10
410;0;10
410;1;10
410;2;10
410;3;10
410;4;10
410;5;10
410;6;10
410;7;10
411;0;80
411;1;70
411;2;60
411;3;50
411;4;40
411;5;30
411;6;20
411;7;10
412;0;10
412;1;20
412;2;30
412;3;40
412;4;50
412;5;60
412;6;70
412;7;80
413;0;80
413;1;70
413;2;60
413;3;50
413;4;40
413;5;30
413;6;20
413;7;10
414;0;80
414;1;70
414;2;60
414;3;50
414;4;40
414;5;30
414;6;20
414;7;10
415;0;10
415;1;10
415;2;10
415;3;10
415;4;10
415;5;10
415;6;10
415;7;10
416;0;80
416;1;70
416;2;60
416;3;50
416;4;40
416;5;30
416;6;20
416;7;10
417;0;10
417;1;10
417;2;10
417;3;10
417;4;10
417;5;10
417;6;10
417;7;10
418;0;10
418;1;10
418;2;10
418;3;10
418;4;10
418;5;10
418;6;10
418;7;10
419;0;10
419;1;20
419;2;30
419;3;40
419;4;50
419;5;60
419;6;70
419;7;80
420;0;80
420;1;70
420;2;60
420;3;50
420;4;40
420;5;30
420;6;20
420;7;10
421;0;10
421;1;20
421;2;30
421;3;40
421;4;50
421;5;60
421;6;70
421;7;80
422;0;10
422;1;10
422;2;10
422;3;10
422;4;10
422;5;10
422;6;10
422;7;10
423;0;10
423;1;10
423;2;10
423;3;10
423;4;10
423;5;10
423;6;10
423;7;10
424;0;10
424;1;10
424;2;10
424;3;10
424;4;10
424;5;10
424;6;10
424;7;10
425;0;80
425;1;70
425;2;60
425;3;50
425;4;40
425;5;30
425;6;20
425;7;10
426;0;10
426;1;20
426;2;30
426;3;40
426;4;50
426;5;60
426;6;70
426;7;80
427;0;10
427;1;20
427;2;30
427;3;40
427;4;50
427;5;60
427;6;70
427;7;80
428;0;10
428;1;10
428;2;10
428;3;10
428;4;10
428;5;10
428;6;10
428;7;10
429;0;10
429;1;20
429;2;30
429;3;40
429;4;50
429;5;60
429;6;70
429;7;80
430;0;10
430;1;10
430;2;10
430;3;10
430;4;10
430;5;10
430;6;10
430;7;10
431;0;80
431;1;70
431;2;60
431;3;50
431;4;40
431;5;30
431;6;20
431;7;10
432;0;10
432;1;20
432;2;30
432;3;40
432;4;50
432;5;60
432;6;70
432;7;80
433;0;10
433;1;20
433;2;30
433;3;40
433;4;50
433;5;60
433;6;70
433;7;80
434;0;10
434;1;10
434;2;10
434;3;10
434;4;10
434;5;10
434;6;10
434;7;10
435;0;10
435;1;20
435;2;30
435;3;40
435;4;50
435;5;60
435;6;70
435;7;80
436;0;10
436;1;20
436;2;30
436;3;40
436;4;50
436;5;60
436;6;70
436;7;80
437;0;10
437;1;20
437;2;30
437;3;40
437;4;50
437;5;60
437;6;70
437;7;80
438;0;10
438;1;10
438;2;10
438;3;10
438;4;10
438;5;10
438;6;10
438;7;10
439;0;10
439;1;20
439;2;30
439;3;40
439;4;50
439;5;60
439;6;70
439;7;80
440;0;80
440;1;70
440;2;60
440;3;50
440;4;40
440;5;30
440;6;20
440;7;10
441;0;80
441;1;70
441;2;60
441;3;50
441;4;40
441;5;30
441;6;20
441;7;10
442;0;80
442;1;70
442;2;60
442;3;50
442;4;40
442;5;30
442;6;20
442;7;10
443;0;10
443;1;10
443;2;10
443;3;10
443;4;10
443;5;10
443;6;10
443;7;10
444;0;80
444;1;70
444;2;60
444;3;50
444;4;40
444;5;30
444;6;20
444;7;10
445;0;80
445;1;70
445;2;60
445;3;50
445;4;40
445;5;30
445;6;20
445;7;10
446;0;10
446;1;10
446;2;10
446;3;10
446;4;10
446;5;10
446;6;10
446;7;10
447;0;10
447;1;20
447;2;30
447;3;40
447;4;50
447;5;60
447;6;70
447;7;80
448;0;10
448;1;10
448;2;10
448;3;10
448;4;10
448;5;10
448;6;10
448;7;10
449;0;10
449;1;10
449;2;10
449;3;10
449;4;10
449;5;10
449;6;10
449;7;10
450;0;80
450;1;70
450;2;60
450;3;50
450;4;40
450;5;30
450;6;20
450;7;10
451;0;80
451;1;70
451;2;60
451;3;50
451;4;40
451;5;30
451;6;20
451;7;10
452;0;10
452;1;10
452;2;10
452;3;10
452;4;10
452;5;10
452;6;10
452;7;10
453;0;10
453;1;20
453;2;30
453;3;40
453;4;50
453;5;60
453;6;70
453;7;80
454;0;10
454;1;10
454;2;10
454;3;10
454;4;10
454;5;10
454;6;10
454;7;10
455;0;10
455;1;20
455;2;30
455;3;40
455;4;50
455;5;60
455;6;70
455;7;80
456;0;80
456;1;70
456;2;60
456;3;50
456;4;40
456;5;30
456;6;20
456;7;10
457;0;10
457;1;20
457;2;30
457;3;40
457;4;50
457;5;60
457;6;70
457;7;80
458;0;10
458;1;20
458;2;30
458;3;40
458;4;50
458;5;60
458;6;70
458;7;80
459;0;80
459;1;70
459;2;60
459;3;50
459;4;40
459;5;30
459;6;20
459;7;10
460;0;10
460;1;10
460;2;10
460;3;10
460;4;10
460;5;10
460;6;10
460;7;10
461;0;10
461;1;10
461;2;10
461;3;10
461;4;10
461;5;10
461;6;10
461;7;10
462;0;10
462;1;10
462;2;10
462;3;10
462;4;10
462;5;10
462;6;10
462;7;10
463;0;80
463;1;70
463;2;60
463;3;50
463;4;40
463;5;30
463;6;20
463;7;10
464;0;10
464;1;10
464;2;10
464;3;10
464;4;10
464;5;10
464;6;10
464;7;10
465;0;10
465;1;20
465;2;30
465;3;40
465;4;50
465;5;60
465;6;70
465;7;80
466;0;10
466;1;20
466;2;30
466;3;40
466;4;50
466;5;60
466;6;70
466;7;80
467;0;10
467;1;20
467;2;30
467;3;40
467;4;50
467;5;60
467;6;70
467;7;80
468;0;80
468;1;70
468;2;60
468;3;50
468;4;40
468;5;30
468;6;20
468;7;10
469;0;80
469;1;70
469;2;60
469;3;50
469;4;40
469;5;30
469;6;20
469;7;10
470;0;10
470;1;10
470;2;10
470;3;10
470;4;10
470;5;10
470;6;10
470;7;10
471;0;10
471;1;10
471;2;10
471;3;10
471;4;10
471;5;10
471;6;10
471;7;10
472;0;80
472;1;70
472;2;60
472;3;50
472;4;40
472;5;30
472;6;20
472;7;10
473;0;10
473;1;20
473;2;30
473;3;40
473;4;50
473;5;60
473;6;70
473;7;80
474;0;10
474;1;10
474;2;10
474;3;10
474;4;10
474;5;10
474;6;10
474;7;10
475;0;10
475;1;10
475;2;10
475;3;10
475;4;10
475;5;10
475;6;10
475;7;10
476;0;80
476;1;70
476;2;60
476;3;50
476;4;40
476;5;30
476;6;20
476;7;10
477;0;80
477;1;70
477;2;60
477;3;50
477;4;40
477;5;30
477;6;20
477;7;10
478;0;10
478;1;10
478;2;10
478;3;10
478;4;10
478;5;10
478;6;10
478;7;10
479;0;10
479;1;10
479;2;10
479;3;10
479;4;10
479;5;10
479;6;10
479;7;10
480;0;10
480;1;20
480;2;30
480;3;40
480;4;50
480;5;60
480;6;70
480;7;80
481;0;10
481;1;10
481;2;10
481;3;10
481;4;10
481;5;10
481;6;10
481;7;10
482;0;10
482;1;10
482;2;10
482;3;10
482;4;10
482;5;10
482;6;10
482;7;10
483;0;10
483;1;20
483;2;30
483;3;40
483;4;50
483;5;60
483;6;70
483;7;80
484;0;10
484;1;20
484;2;30
484;3;40
484;4;50
484;5;60
484;6;70
484;7;80
485;0;10
485;1;10
485;2;10
485;3;10
485;4;10
485;5;10
485;6;10
485;7;10
486;0;10
486;1;20
486;2;30
486;3;40
486;4;50
486;5;60
486;6;70
486;7;80
487;0;80
487;1;70
487;2;60
487;3;50
487;4;40
487;5;30
487;6;20
487;7;10
488;0;10
488;1;10
488;2;10
488;3;10
488;4;10
488;5;10
488;6;10
488;7;10
489;0;10
489;1;10
489;2;10
489;3;10
489;4;10
489;5;10
489;6;10
489;7;10
490;0;10
490;1;10
490;2;10
490;3;10
490;4;10
490;5;10
490;6;10
490;7;10
491;0;10
491;1;10
491;2;10
491;3;10
491;4;10
491;5;10
491;6;10
491;7;10
492;0;80
492;1;70
492;2;60
492;3;50
492;4;40
492;5;30
492;6;20
492;7;10
493;0;10
493;1;20
493;2;30
493;3;40
493;4;50
493;5;60
493;6;70
493;7;80
494;0;10
494;1;20
494;2;30
494;3;40
494;4;50
494;5;60
494;6;70
494;7;80
495;0;80
495;1;70
495;2;60
495;3;50
495;4;40
495;5;30
495;6;20
495;7;10
496;0;10
496;1;20
496;2;30
496;3;40
496;4;50
496;5;60
496;6;70
496;7;80
497;0;10
497;1;10
497;2;10
497;3;10
497;4;10
497;5;10
497;6;10
497;7;10
498;0;10
498;1;20
498;2;30
498;3;40
498;4;50
498;5;60
498;6;70
498;7;80
499;0;10
499;1;10
499;2;10
499;3;10
499;4;10
499;5;10
499;6;10
499;7;10
500;0;10
500;1;10
500;2;10
500;3;10
500;4;10
500;5;10
500;6;10
500;7;10
501;0;10
501;1;20
501;2;30
501;3;40
501;4;50
501;5;60
501;6;70
501;7;80
502;0;10
502;1;20
502;2;30
502;3;40
502;4;50
502;5;60
502;6;70
502;7;80
503;0;10
503;1;10
503;2;10
503;3;10
503;4;10
503;5;10
503;6;10
503;7;10
504;0;10
504;1;20
504;2;30
504;3;40
504;4;50
504;5;60
504;6;70
504;7;80
505;0;80
505;1;70
505;2;60
505;3;50
505;4;40
505;5;30
505;6;20
505;7;10
506;0;80
506;1;70
506;2;60
506;3;50
506;4;40
506;5;30
506;6;20
506;7;10
507;0;80
507;1;70
507;2;60
507;3;50
507;4;40
507;5;30
507;6;20
507;7;10
508;0;10
508;1;10
508;2;10
508;3;10
508;4;10
508;5;10
508;6;10
508;7;10
509;0;10
509;1;20
509;2;30
509;3;40
509;4;50
509;5;60
509;6;70
509;7;80
510;0;10
510;1;10
510;2;10
510;3;10
510;4;10
510;5;10
510;6;10
510;7;10
511;0;80
511;1;70
511;2;60
511;3;50
511;4;40
511;5;30
511;6;20
511;7;10
512;0;10
512;1;20
512;2;30
512;3;40
512;4;50
512;5;60
512;6;70
512;7;80
513;0;80
513;1;70
513;2;60
513;3;50
513;4;40
513;5;30
513;6;20
513;7;10
514;0;80
514;1;70
514;2;60
514;3;50
514;4;40
514;5;30
514;6;20
514;7;10
515;0;10
515;1;20
515;2;30
515;3;40
515;4;50
515;5;60
515;6;70
515;7;80
516;0;10
516;1;10
516;2;10
516;3;10
516;4;10
516;5;10
516;6;10
516;7;10
517;0;10
517;1;20
517;2;30
517;3;40
517;4;50
517;5;60
517;6;70
517;7;80
518;0;80
518;1;70
518;2;60
518;3;50
518;4;40
518;5;30
518;6;20
518;7;10
519;0;10
519;1;20
519;2;30
519;3;40
519;4;50
519;5;60
519;6;70
519;7;80
520;0;10
520;1;20
520;2;30
520;3;40
520;4;50
520;5;60
520;6;70
520;7;80
521;0;80
521;1;70
521;2;60
521;3;50
521;4;40
521;5;30
521;6;20
521;7;10
522;0;10
522;1;10
522;2;10
522;3;10
522;4;10
522;5;10
522;6;10
522;7;10
523;0;80
523;1;70
523;2;60
523;3;50
523;4;40
523;5;30
523;6;20
523;7;10
524;0;10
524;1;10
524;2;10
524;3;10
524;4;10
524;5;10
524;6;10
524;7;10
525;0;80
525;1;70
525;2;60
525;3;50
525;4;40
525;5;30
525;6;20
525;7;10
526;0;10
526;1;10
526;2;10
526;3;10
526;4;10
526;5;10
526;6;10
526;7;10
527;0;80
527;1;70
527;2;60
527;3;50
527;4;40
527;5;30
527;6;20
527;7;10
528;0;80
528;1;70
528;2;60
528;3;50
528;4;40
528;5;30
528;6;20
528;7;10
529;0;80
529;1;70
529;2;60
529;3;50
529;4;40
529;5;30
529;6;20
529;7;10
530;0;10
530;1;10
530;2;10
530;3;10
530;4;10
530;5;10
530;6;10
530;7;10
531;0;10
531;1;10
531;2;10
531;3;10
531;4;10
531;5;10
531;6;10
531;7;10
532;0;80
532;1;70
532;2;60
532;3;50
532;4;40
532;5;30
532;6;20
532;7;10
533;0;10
533;1;10
533;2;10
533;3;10
533;4;10
533;5;10
533;6;10
533;7;10
534;0;80
534;1;70
534;2;60
534;3;50
534;4;40
534;5;30
534;6;20
534;7;10
535;0;10
535;1;20
535;2;30
535;3;40
535;4;50
535;5;60
535;6;70
535;7;80
536;0;80
536;1;70
536;2;60
536;3;50
536;4;40
536;5;30
536;6;20
536;7;10
537;0;10
537;1;10
537;2;10
537;3;10
537;4;10
537;5;10
537;6;10
537;7;10
538;0;10
538;1;20
538;2;30
538;3;40
538;4;50
538;5;60
538;6;70
538;7;80
539;0;80
539;1;70
539;2;60
539;3;50
539;4;40
539;5;30
539;6;20
539;7;10
540;0;10
540;1;20
540;2;30
540;3;40
540;4;50
540;5;60
540;6;70
540;7;80
541;0;80
541;1;70
541;2;60
541;3;50
541;4;40
541;5;30
541;6;20
541;7;10
542;0;10
542;1;10
542;2;10
542;3;10
542;4;10
542;5;10
542;6;10
542;7;10
543;0;10
543;1;20
543;2;30
543;3;40
543;4;50
543;5;60
543;6;70
543;7;80
544;0;10
544;1;20
544;2;30
544;3;40
544;4;50
544;5;60
544;6;70
544;7;80
545;0;10
545;1;20
545;2;30
545;3;40
545;4;50
545;5;60
545;6;70
545;7;80
546;0;80
546;1;70
546;2;60
546;3;50
546;4;40
546;5;30
546;6;20
546;7;10
547;0;10
547;1;10
547;2;10
547;3;10
547;4;10
547;5;10
547;6;10
547;7;10
548;0;80
548;1;70
548;2;60
548;3;50
548;4;40
548;5;30
548;6;20
548;7;10
549;0;10
549;1;10
549;2;10
549;3;10
549;4;10
549;5;10
549;6;10
549;7;10
550;0;10
550;1;20
550;2;30
550;3;40
550;4;50
550;5;60
550;6;70
550;7;80
551;0;80
551;1;70
551;2;60
551;3;50
551;4;40
551;5;30
551;6;20
551;7;10
552;0;10
552;1;10
552;2;10
552;3;10
552;4;10
552;5;10
552;6;10
552;7;10
553;0;80
553;1;70
553;2;60
553;3;50
553;4;40
553;5;30
553;6;20
553;7;10
554;0;10
554;1;20
554;2;30
554;3;40
554;4;50
554;5;60
554;6;70
554;7;80
555;0;80
555;1;70
555;2;60
555;3;50
555;4;40
555;5;30
555;6;20
555;7;10
556;0;10
556;1;20
556;2;30
556;3;40
556;4;50
556;5;60
556;6;70
556;7;80
557;0;10
557;1;10
557;2;10
557;3;10
557;4;10
557;5;10
557;6;10
557;7;10
558;0;80
558;1;70
558;2;60
558;3;50
558;4;40
558;5;30
558;6;20
558;7;10
559;0;10
559;1;10
559;2;10
559;3;10
559;4;10
559;5;10
559;6;10
559;7;10
560;0;10
560;1;10
560;2;10
560;3;10
560;4;10
560;5;10
560;6;10
560;7;10
