90;45;172
0;0;100
1;0;70
1;1;50
1;3;70
2;0;50
2;4;50
2;6;50
3;1;10
3;2;70
3;3;10
3;7;50
3;9;70
4;2;100
4;3;10
4;10;70
4;12;50
5;2;10
5;3;10
5;13;50
5;15;70
6;4;70
6;5;50
6;6;100
6;16;50
6;18;10
7;5;70
7;6;70
7;19;10
7;21;100
8;5;10
8;6;100
8;22;10
8;24;100
9;7;10
9;8;70
9;9;50
9;25;10
9;27;50
10;8;50
10;9;100
10;28;70
10;30;100
11;8;10
11;9;100
11;31;50
11;33;50
12;8;10
12;9;50
12;34;50
12;36;10
13;10;70
13;11;10
13;12;50
13;37;100
13;39;100
14;11;10
14;12;100
14;40;70
14;42;50
15;11;70
15;12;100
15;43;100
16;11;100
16;12;100
17;13;50
17;14;100
17;15;50
18;14;100
18;15;50
19;14;50
19;15;10
20;14;100
20;15;50
21;16;50
21;17;100
21;18;70
22;17;50
22;18;50
23;17;70
23;18;10
24;17;100
24;18;50
25;19;70
25;20;10
25;21;50
26;20;70
26;21;50
27;20;70
27;21;70
28;20;70
28;21;70
29;22;10
29;23;100
29;24;50
30;23;70
30;24;70
31;23;10
31;24;50
32;23;100
32;24;100
33;25;50
33;26;10
33;27;50
34;26;50
34;27;10
35;26;70
35;27;50
36;26;10
36;27;100
37;26;100
37;27;50
38;28;50
38;29;50
38;30;10
39;29;50
39;30;10
40;29;10
40;30;50
41;29;10
41;30;10
42;29;70
42;30;10
43;31;100
43;32;100
43;33;10
44;32;100
44;33;100
45;32;100
45;33;70
46;32;100
46;33;70
47;32;100
47;33;50
48;34;70
48;35;100
48;36;100
49;35;100
49;36;50
50;35;10
50;36;10
51;35;100
51;36;10
52;35;100
52;36;50
53;37;100
53;38;10
53;39;10
54;38;50
54;39;70
55;38;10
55;39;70
56;38;100
56;39;100
57;38;70
57;39;50
58;40;10
58;41;50
58;42;70
59;41;10
59;42;50
60;41;10
60;42;50
61;41;10
61;42;50
62;41;10
62;42;10
63;43;70
63;44;10
64;44;10
65;44;100
66;44;70
67;44;50
0;0;80
0;1;70
0;2;60
0;3;50
0;4;40
0;5;30
0;6;20
0;7;10
1;0;10
1;1;20
1;2;30
1;3;40
1;4;50
1;5;60
1;6;70
1;7;80
2;0;80
2;1;70
2;2;60
2;3;50
2;4;40
2;5;30
2;6;20
2;7;10
3;0;80
3;1;70
3;2;60
3;3;50
3;4;40
3;5;30
3;6;20
3;7;10
4;0;10
4;1;10
4;2;10
4;3;10
4;4;10
4;5;10
4;6;10
4;7;10
5;0;80
5;1;70
5;2;60
5;3;50
5;4;40
5;5;30
5;6;20
5;7;10
6;0;80
6;1;70
6;2;60
6;3;50
6;4;40
6;5;30
6;6;20
6;7;10
7;0;80
7;1;70
7;2;60
7;3;50
7;4;40
7;5;30
7;6;20
7;7;10
8;0;80
8;1;70
8;2;60
8;3;50
8;4;40
8;5;30
8;6;20
8;7;10
9;0;10
9;1;20
9;2;30
9;3;40
9;4;50
9;5;60
9;6;70
9;7;80
10;0;80
10;1;70
10;2;60
10;3;50
10;4;40
10;5;30
10;6;20
10;7;10
11;0;80
11;1;70
11;2;60
11;3;50
11;4;40
11;5;30
11;6;20
11;7;10
12;0;10
12;1;10
12;2;10
12;3;10
12;4;10
12;5;10
12;6;10
12;7;10
13;0;80
13;1;70
13;2;60
13;3;50
13;4;40
13;5;30
13;6;20
13;7;10
14;0;10
14;1;10
14;2;10
14;3;10
14;4;10
14;5;10
14;6;10
14;7;10
15;0;10
15;1;10
15;2;10
15;3;10
15;4;10
15;5;10
15;6;10
15;7;10
16;0;80
16;1;70
16;2;60
16;3;50
16;4;40
16;5;30
16;6;20
16;7;10
17;0;10
17;1;10
17;2;10
17;3;10
17;4;10
17;5;10
17;6;10
17;7;10
18;0;10
18;1;20
18;2;30
18;3;40
18;4;50
18;5;60
18;6;70
18;7;80
19;0;80
19;1;70
19;2;60
19;3;50
19;4;40
19;5;30
19;6;20
19;7;10
20;0;10
20;1;10
20;2;10
20;3;10
20;4;10
20;5;10
20;6;10
20;7;10
21;0;10
21;1;20
21;2;30
21;3;40
21;4;50
21;5;60
21;6;70
21;7;80
22;0;10
22;1;10
22;2;10
22;3;10
22;4;10
22;5;10
22;6;10
22;7;10
23;0;80
23;1;70
23;2;60
23;3;50
23;4;40
23;5;30
23;6;20
23;7;10
24;0;10
24;1;10
24;2;10
24;3;10
24;4;10
24;5;10
24;6;10
24;7;10
25;0;10
25;1;20
25;2;30
25;3;40
25;4;50
25;5;60
25;6;70
25;7;80
26;0;10
26;1;10
26;2;10
26;3;10
26;4;10
26;5;10
26;6;10
26;7;10
27;0;80
27;1;70
27;2;60
27;3;50
27;4;40
27;5;30
27;6;20
27;7;10
28;0;10
28;1;20
28;2;30
28;3;40
28;4;50
28;5;60
28;6;70
28;7;80
29;0;10
29;1;20
29;2;30
29;3;40
29;4;50
29;5;60
29;6;70
29;7;80
30;0;10
30;1;10
30;2;10
30;3;10
30;4;10
30;5;10
30;6;10
30;7;10
31;0;10
31;1;10
31;2;10
31;3;10
31;4;10
31;5;10
31;6;10
31;7;10
32;0;10
32;1;10
32;2;10
32;3;10
32;4;10
32;5;10
32;6;10
32;7;10
33;0;80
33;1;70
33;2;60
33;3;50
33;4;40
33;5;30
33;6;20
33;7;10
34;0;10
34;1;10
34;2;10
34;3;10
34;4;10
34;5;10
34;6;10
34;7;10
35;0;80
35;1;70
35;2;60
35;3;50
35;4;40
35;5;30
35;6;20
35;7;10
36;0;10
36;1;20
36;2;30
36;3;40
36;4;50
36;5;60
36;6;70
36;7;80
37;0;80
37;1;70
37;2;60
37;3;50
37;4;40
37;5;30
37;6;20
37;7;10
38;0;10
38;1;20
38;2;30
38;3;40
38;4;50
38;5;60
38;6;70
38;7;80
39;0;10
39;1;10
39;2;10
39;3;10
39;4;10
39;5;10
39;6;10
39;7;10
40;0;80
40;1;70
40;2;60
40;3;50
40;4;40
40;5;30
40;6;20
40;7;10
41;0;10
41;1;20
41;2;30
41;3;40
41;4;50
41;5;60
41;6;70
41;7;80
42;0;80
42;1;70
42;2;60
42;3;50
42;4;40
42;5;30
42;6;20
42;7;10
43;0;10
43;1;20
43;2;30
43;3;40
43;4;50
43;5;60
43;6;70
43;7;80
44;0;10
44;1;20
44;2;30
44;3;40
44;4;50
44;5;60
44;6;70
44;7;80
45;0;10
45;1;10
45;2;10
45;3;10
45;4;10
45;5;10
45;6;10
45;7;10
46;0;10
46;1;10
46;2;10
46;3;10
46;4;10
46;5;10
46;6;10
46;7;10
47;0;10
47;1;10
47;2;10
47;3;10
47;4;10
47;5;10
47;6;10
47;7;10
48;0;10
48;1;20
48;2;30
48;3;40
48;4;50
48;5;60
48;6;70
48;7;80
49;0;80
49;1;70
49;2;60
49;3;50
49;4;40
49;5;30
49;6;20
49;7;10
50;0;80
50;1;70
50;2;60
50;3;50
50;4;40
50;5;30
50;6;20
50;7;10
51;0;80
51;1;70
51;2;60
51;3;50
51;4;40
51;5;30
51;6;20
51;7;10
52;0;10
52;1;10
52;2;10
52;3;10
52;4;10
52;5;10
52;6;10
52;7;10
53;0;10
53;1;20
53;2;30
53;3;40
53;4;50
53;5;60
53;6;70
53;7;80
54;0;80
54;1;70
54;2;60
54;3;50
54;4;40
54;5;30
54;6;20
54;7;10
55;0;80
55;1;70
55;2;60
55;3;50
55;4;40
55;5;30
55;6;20
55;7;10
56;0;80
56;1;70
56;2;60
56;3;50
56;4;40
56;5;30
56;6;20
56;7;10
57;0;10
57;1;10
57;2;10
57;3;10
57;4;10
57;5;10
57;6;10
57;7;10
58;0;80
58;1;70
58;2;60
58;3;50
58;4;40
58;5;30
58;6;20
58;7;10
59;0;10
59;1;10
59;2;10
59;3;10
59;4;10
59;5;10
59;6;10
59;7;10
60;0;10
60;1;10
60;2;10
60;3;10
60;4;10
60;5;10
60;6;10
60;7;10
61;0;10
61;1;20
61;2;30
61;3;40
61;4;50
61;5;60
61;6;70
61;7;80
62;0;10
62;1;10
62;2;10
62;3;10
62;4;10
62;5;10
62;6;10
62;7;10
63;0;80
63;1;70
63;2;60
63;3;50
63;4;40
63;5;30
63;6;20
63;7;10
64;0;80
64;1;70
64;2;60
64;3;50
64;4;40
64;5;30
64;6;20
64;7;10
65;0;10
65;1;10
65;2;10
65;3;10
65;4;10
65;5;10
65;6;10
65;7;10
66;0;10
66;1;20
66;2;30
66;3;40
66;4;50
66;5;60
66;6;70
66;7;80
67;0;80
67;1;70
67;2;60
67;3;50
67;4;40
67;5;30
67;6;20
67;7;10
