200;100;414
0;0;70
1;0;70
1;1;100
1;3;100
2;0;50
2;4;70
2;6;70
3;1;70
3;2;10
3;3;100
3;7;100
3;9;50
4;2;70
4;3;70
4;10;10
4;12;50
5;2;100
5;3;10
5;13;100
5;15;70
6;4;100
6;5;10
6;6;10
6;16;50
6;18;50
7;5;10
7;6;70
7;19;50
7;21;100
8;5;50
8;6;10
8;22;100
8;24;10
9;7;50
9;8;100
9;9;50
9;25;100
9;27;10
10;8;50
10;9;100
10;28;50
10;30;10
11;8;50
11;9;100
11;31;50
11;33;100
12;8;100
12;9;70
12;34;10
12;36;10
13;10;100
13;11;70
13;12;70
13;37;100
13;39;10
14;11;10
14;12;10
14;40;50
14;42;70
15;11;70
15;12;100
15;43;70
15;45;100
16;11;100
16;12;70
16;46;10
16;48;100
17;13;70
17;14;70
17;15;10
17;49;10
17;51;100
18;14;100
18;15;70
18;52;100
18;54;10
19;14;10
19;15;10
19;55;70
19;57;100
20;14;10
20;15;100
20;58;100
20;60;10
21;16;10
21;17;70
21;18;10
21;61;100
21;63;50
22;17;100
22;18;70
22;64;50
22;66;70
23;17;10
23;18;10
23;67;70
23;69;50
24;17;70
24;18;70
24;70;10
24;72;100
25;19;70
25;20;100
25;21;70
25;73;70
25;75;100
26;20;70
26;21;10
26;76;50
26;78;100
27;20;100
27;21;70
27;79;100
27;81;70
28;20;50
28;21;70
28;82;100
28;84;10
29;22;100
29;23;10
29;24;100
29;85;50
29;87;70
30;23;70
30;24;100
30;88;70
30;90;70
31;23;50
31;24;10
31;91;70
31;93;50
32;23;10
32;24;50
32;94;10
32;96;50
33;25;10
33;26;100
33;27;50
33;97;70
33;99;100
34;26;100
34;27;10
35;26;70
35;27;10
36;26;100
36;27;10
37;26;100
37;27;70
38;28;100
38;29;70
38;30;100
39;29;50
39;30;10
40;29;50
40;30;70
41;29;50
41;30;70
42;29;10
42;30;50
43;31;70
43;32;100
43;33;50
44;32;50
44;33;70
45;32;70
45;33;10
46;32;100
46;33;50
47;32;70
47;33;100
48;34;10
48;35;70
48;36;70
49;35;70
49;36;70
50;35;100
50;36;100
51;35;100
51;36;100
52;35;70
52;36;50
53;37;70
53;38;10
53;39;100
54;38;10
54;39;70
55;38;10
55;39;100
56;38;70
56;39;50
57;38;70
57;39;50
58;40;50
58;41;50
58;42;50
59;41;100
59;42;50
60;41;10
60;42;70
61;41;50
61;42;50
62;41;100
62;42;70
63;43;100
63;44;100
63;45;10
64;44;70
64;45;50
65;44;10
65;45;100
66;44;70
66;45;100
67;44;10
67;45;10
68;46;100
68;47;70
68;48;70
69;47;100
69;48;10
70;47;100
70;48;100
71;47;50
71;48;100
72;47;50
72;48;100
73;49;50
73;50;100
73;51;10
74;50;100
74;51;10
75;50;100
75;51;100
76;50;70
76;51;10
77;50;10
77;51;70
78;52;100
78;53;50
78;54;10
79;53;70
79;54;10
80;53;10
80;54;70
81;53;10
81;54;10
82;53;50
82;54;100
83;55;50
83;56;50
83;57;10
84;56;10
84;57;70
85;56;100
85;57;50
86;56;50
86;57;50
87;56;50
87;57;70
88;58;70
88;59;70
88;60;10
89;59;50
89;60;70
90;59;70
90;60;10
91;59;10
91;60;10
92;59;100
92;60;70
93;61;100
93;62;70
93;63;100
94;62;50
94;63;100
95;62;10
95;63;100
96;62;70
96;63;10
97;62;10
97;63;50
98;64;10
98;65;50
98;66;70
99;65;70
99;66;70
100;65;70
100;66;70
101;65;70
101;66;100
102;65;100
102;66;10
103;67;100
103;68;10
103;69;70
104;68;50
104;69;100
105;68;10
105;69;10
106;68;100
106;69;10
107;68;70
107;69;10
108;70;50
108;71;100
108;72;10
109;71;10
109;72;50
110;71;100
110;72;10
111;71;70
111;72;100
112;71;50
112;72;50
113;73;10
113;74;10
113;75;100
114;74;10
114;75;70
115;74;100
115;75;50
116;74;70
116;75;50
117;74;10
117;75;100
118;76;70
118;77;100
118;78;10
119;77;100
119;78;70
120;77;70
120;78;70
121;77;70
121;78;50
122;77;70
122;78;100
123;79;50
123;80;70
123;81;50
124;80;10
124;81;100
125;80;50
125;81;70
126;80;10
126;81;70
127;80;100
127;81;70
128;82;50
128;83;10
128;84;100
129;83;100
129;84;50
130;83;50
130;84;70
131;83;10
131;84;10
132;83;50
132;84;50
133;85;70
133;86;100
133;87;100
134;86;100
134;87;100
135;86;10
135;87;50
136;86;100
136;87;100
137;86;70
137;87;70
138;88;100
138;89;100
138;90;70
139;89;70
139;90;50
140;89;70
140;90;10
141;89;10
141;90;70
142;89;100
142;90;10
143;91;100
143;92;70
143;93;100
144;92;100
144;93;10
145;92;10
145;93;100
146;92;100
146;93;50
147;92;10
147;93;10
148;94;100
148;95;10
148;96;50
149;95;10
149;96;10
150;95;10
150;96;70
151;95;100
151;96;50
152;95;100
152;96;50
153;97;100
153;98;100
153;99;100
154;98;50
154;99;70
155;98;100
155;99;50
156;98;50
156;99;100
157;98;10
157;99;70
158;98;10
158;99;70
0;0;10
0;1;20
0;2;30
0;3;40
0;4;50
0;5;60
0;6;70
0;7;80
1;0;10
1;1;10
1;2;10
1;3;10
1;4;10
1;5;10
1;6;10
1;7;10
2;0;10
2;1;10
2;2;10
2;3;10
2;4;10
2;5;10
2;6;10
2;7;10
3;0;80
3;1;70
3;2;60
3;3;50
3;4;40
3;5;30
3;6;20
3;7;10
4;0;10
4;1;20
4;2;30
4;3;40
4;4;50
4;5;60
4;6;70
4;7;80
5;0;80
5;1;70
5;2;60
5;3;50
5;4;40
5;5;30
5;6;20
5;7;10
6;0;10
6;1;10
6;2;10
6;3;10
6;4;10
6;5;10
6;6;10
6;7;10
7;0;10
7;1;20
7;2;30
7;3;40
7;4;50
7;5;60
7;6;70
7;7;80
8;0;10
8;1;10
8;2;10
8;3;10
8;4;10
8;5;10
8;6;10
8;7;10
9;0;80
9;1;70
9;2;60
9;3;50
9;4;40
9;5;30
9;6;20
9;7;10
10;0;80
10;1;70
10;2;60
10;3;50
10;4;40
10;5;30
10;6;20
10;7;10
11;0;80
11;1;70
11;2;60
11;3;50
11;4;40
11;5;30
11;6;20
11;7;10
12;0;80
12;1;70
12;2;60
12;3;50
12;4;40
12;5;30
12;6;20
12;7;10
13;0;10
13;1;20
13;2;30
13;3;40
13;4;50
13;5;60
13;6;70
13;7;80
14;0;80
14;1;70
14;2;60
14;3;50
14;4;40
14;5;30
14;6;20
14;7;10
15;0;80
15;1;70
15;2;60
15;3;50
15;4;40
15;5;30
15;6;20
15;7;10
16;0;10
16;1;10
16;2;10
16;3;10
16;4;10
16;5;10
16;6;10
16;7;10
17;0;80
17;1;70
17;2;60
17;3;50
17;4;40
17;5;30
17;6;20
17;7;10
18;0;10
18;1;20
18;2;30
18;3;40
18;4;50
18;5;60
18;6;70
18;7;80
19;0;10
19;1;10
19;2;10
19;3;10
19;4;10
19;5;10
19;6;10
19;7;10
20;0;10
20;1;10
20;2;10
20;3;10
20;4;10
20;5;10
20;6;10
20;7;10
21;0;80
21;1;70
21;2;60
21;3;50
21;4;40
21;5;30
21;6;20
21;7;10
22;0;10
22;1;10
22;2;10
22;3;10
22;4;10
22;5;10
22;6;10
22;7;10
23;0;10
23;1;10
23;2;10
23;3;10
23;4;10
23;5;10
23;6;10
23;7;10
24;0;10
24;1;10
24;2;10
24;3;10
24;4;10
24;5;10
24;6;10
24;7;10
25;0;80
25;1;70
25;2;60
25;3;50
25;4;40
25;5;30
25;6;20
25;7;10
26;0;10
26;1;20
26;2;30
26;3;40
26;4;50
26;5;60
26;6;70
26;7;80
27;0;10
27;1;10
27;2;10
27;3;10
27;4;10
27;5;10
27;6;10
27;7;10
28;0;80
28;1;70
28;2;60
28;3;50
28;4;40
28;5;30
28;6;20
28;7;10
29;0;10
29;1;20
29;2;30
29;3;40
29;4;50
29;5;60
29;6;70
29;7;80
30;0;10
30;1;10
30;2;10
30;3;10
30;4;10
30;5;10
30;6;10
30;7;10
31;0;10
31;1;20
31;2;30
31;3;40
31;4;50
31;5;60
31;6;70
31;7;80
32;0;10
32;1;10
32;2;10
32;3;10
32;4;10
32;5;10
32;6;10
32;7;10
33;0;10
33;1;20
33;2;30
33;3;40
33;4;50
33;5;60
33;6;70
33;7;80
34;0;10
34;1;20
34;2;30
34;3;40
34;4;50
34;5;60
34;6;70
34;7;80
35;0;80
35;1;70
35;2;60
35;3;50
35;4;40
35;5;30
35;6;20
35;7;10
36;0;10
36;1;10
36;2;10
36;3;10
36;4;10
36;5;10
36;6;10
36;7;10
37;0;80
37;1;70
37;2;60
37;3;50
37;4;40
37;5;30
37;6;20
37;7;10
38;0;10
38;1;10
38;2;10
38;3;10
38;4;10
38;5;10
38;6;10
38;7;10
39;0;10
39;1;20
39;2;30
39;3;40
39;4;50
39;5;60
39;6;70
39;7;80
40;0;10
40;1;20
40;2;30
40;3;40
40;4;50
40;5;60
40;6;70
40;7;80
41;0;80
41;1;70
41;2;60
41;3;50
41;4;40
41;5;30
41;6;20
41;7;10
42;0;10
42;1;10
42;2;10
42;3;10
42;4;10
42;5;10
42;6;10
42;7;10
43;0;80
43;1;70
43;2;60
43;3;50
43;4;40
43;5;30
43;6;20
43;7;10
44;0;10
44;1;20
44;2;30
44;3;40
44;4;50
44;5;60
44;6;70
44;7;80
45;0;80
45;1;70
45;2;60
45;3;50
45;4;40
45;5;30
45;6;20
45;7;10
46;0;10
46;1;10
46;2;10
46;3;10
46;4;10
46;5;10
46;6;10
46;7;10
47;0;80
47;1;70
47;2;60
47;3;50
47;4;40
47;5;30
47;6;20
47;7;10
48;0;10
48;1;20
48;2;30
48;3;40
48;4;50
48;5;60
48;6;70
48;7;80
49;0;10
49;1;10
49;2;10
49;3;10
49;4;10
49;5;10
49;6;10
49;7;10
50;0;10
50;1;10
50;2;10
50;3;10
50;4;10
50;5;10
50;6;10
50;7;10
51;0;10
51;1;10
51;2;10
51;3;10
51;4;10
51;5;10
51;6;10
51;7;10
52;0;80
52;1;70
52;2;60
52;3;50
52;4;40
52;5;30
52;6;20
52;7;10
53;0;10
53;1;10
53;2;10
53;3;10
53;4;10
53;5;10
53;6;10
53;7;10
54;0;80
54;1;70
54;2;60
54;3;50
54;4;40
54;5;30
54;6;20
54;7;10
55;0;10
55;1;10
55;2;10
55;3;10
55;4;10
55;5;10
55;6;10
55;7;10
56;0;10
56;1;20
56;2;30
56;3;40
56;4;50
56;5;60
56;6;70
56;7;80
57;0;10
57;1;10
57;2;10
57;3;10
57;4;10
57;5;10
57;6;10
57;7;10
58;0;10
58;1;10
58;2;10
58;3;10
58;4;10
58;5;10
58;6;10
58;7;10
59;0;10
59;1;10
59;2;10
59;3;10
59;4;10
59;5;10
59;6;10
59;7;10
60;0;80
60;1;70
60;2;60
60;3;50
60;4;40
60;5;30
60;6;20
60;7;10
61;0;10
61;1;20
61;2;30
61;3;40
61;4;50
61;5;60
61;6;70
61;7;80
62;0;10
62;1;10
62;2;10
62;3;10
62;4;10
62;5;10
62;6;10
62;7;10
63;0;10
63;1;20
63;2;30
63;3;40
63;4;50
63;5;60
63;6;70
63;7;80
64;0;80
64;1;70
64;2;60
64;3;50
64;4;40
64;5;30
64;6;20
64;7;10
65;0;10
65;1;20
65;2;30
65;3;40
65;4;50
65;5;60
65;6;70
65;7;80
66;0;10
66;1;20
66;2;30
66;3;40
66;4;50
66;5;60
66;6;70
66;7;80
67;0;10
67;1;20
67;2;30
67;3;40
67;4;50
67;5;60
67;6;70
67;7;80
68;0;10
68;1;20
68;2;30
68;3;40
68;4;50
68;5;60
68;6;70
68;7;80
69;0;10
69;1;20
69;2;30
69;3;40
69;4;50
69;5;60
69;6;70
69;7;80
70;0;80
70;1;70
70;2;60
70;3;50
70;4;40
70;5;30
70;6;20
70;7;10
71;0;80
71;1;70
71;2;60
71;3;50
71;4;40
71;5;30
71;6;20
71;7;10
72;0;10
72;1;10
72;2;10
72;3;10
72;4;10
72;5;10
72;6;10
72;7;10
73;0;10
73;1;10
73;2;10
73;3;10
73;4;10
73;5;10
73;6;10
73;7;10
74;0;10
74;1;10
74;2;10
74;3;10
74;4;10
74;5;10
74;6;10
74;7;10
75;0;10
75;1;10
75;2;10
75;3;10
75;4;10
75;5;10
75;6;10
75;7;10
76;0;10
76;1;10
76;2;10
76;3;10
76;4;10
76;5;10
76;6;10
76;7;10
77;0;10
77;1;10
77;2;10
77;3;10
77;4;10
77;5;10
77;6;10
77;7;10
78;0;10
78;1;10
78;2;10
78;3;10
78;4;10
78;5;10
78;6;10
78;7;10
79;0;10
79;1;10
79;2;10
79;3;10
79;4;10
79;5;10
79;6;10
79;7;10
80;0;10
80;1;10
80;2;10
80;3;10
80;4;10
80;5;10
80;6;10
80;7;10
81;0;10
81;1;10
81;2;10
81;3;10
81;4;10
81;5;10
81;6;10
81;7;10
82;0;80
82;1;70
82;2;60
82;3;50
82;4;40
82;5;30
82;6;20
82;7;10
83;0;10
83;1;10
83;2;10
83;3;10
83;4;10
83;5;10
83;6;10
83;7;10
84;0;80
84;1;70
84;2;60
84;3;50
84;4;40
84;5;30
84;6;20
84;7;10
85;0;10
85;1;10
85;2;10
85;3;10
85;4;10
85;5;10
85;6;10
85;7;10
86;0;10
86;1;10
86;2;10
86;3;10
86;4;10
86;5;10
86;6;10
86;7;10
87;0;10
87;1;20
87;2;30
87;3;40
87;4;50
87;5;60
87;6;70
87;7;80
88;0;80
88;1;70
88;2;60
88;3;50
88;4;40
88;5;30
88;6;20
88;7;10
89;0;10
89;1;10
89;2;10
89;3;10
89;4;10
89;5;10
89;6;10
89;7;10
90;0;80
90;1;70
90;2;60
90;3;50
90;4;40
90;5;30
90;6;20
90;7;10
91;0;10
91;1;20
91;2;30
91;3;40
91;4;50
91;5;60
91;6;70
91;7;80
92;0;80
92;1;70
92;2;60
92;3;50
92;4;40
92;5;30
92;6;20
92;7;10
93;0;10
93;1;10
93;2;10
93;3;10
93;4;10
93;5;10
93;6;10
93;7;10
94;0;80
94;1;70
94;2;60
94;3;50
94;4;40
94;5;30
94;6;20
94;7;10
95;0;10
95;1;10
95;2;10
95;3;10
95;4;10
95;5;10
95;6;10
95;7;10
96;0;10
96;1;20
96;2;30
96;3;40
96;4;50
96;5;60
96;6;70
96;7;80
97;0;10
97;1;10
97;2;10
97;3;10
97;4;10
97;5;10
97;6;10
97;7;10
98;0;80
98;1;70
98;2;60
98;3;50
98;4;40
98;5;30
98;6;20
98;7;10
99;0;10
99;1;10
99;2;10
99;3;10
99;4;10
99;5;10
99;6;10
99;7;10
100;0;10
100;1;10
100;2;10
100;3;10
100;4;10
100;5;10
100;6;10
100;7;10
101;0;80
101;1;70
101;2;60
101;3;50
101;4;40
101;5;30
101;6;20
101;7;10
102;0;80
102;1;70
102;2;60
102;3;50
102;4;40
102;5;30
102;6;20
102;7;10
103;0;80
103;1;70
103;2;60
103;3;50
103;4;40
103;5;30
103;6;20
103;7;10
104;0;80
104;1;70
104;2;60
104;3;50
104;4;40
104;5;30
104;6;20
104;7;10
105;0;80
105;1;70
105;2;60
105;3;50
105;4;40
105;5;30
105;6;20
105;7;10
106;0;10
106;1;20
106;2;30
106;3;40
106;4;50
106;5;60
106;6;70
106;7;80
107;0;80
107;1;70
107;2;60
107;3;50
107;4;40
107;5;30
107;6;20
107;7;10
108;0;10
108;1;10
108;2;10
108;3;10
108;4;10
108;5;10
108;6;10
108;7;10
109;0;80
109;1;70
109;2;60
109;3;50
109;4;40
109;5;30
109;6;20
109;7;10
110;0;80
110;1;70
110;2;60
110;3;50
110;4;40
110;5;30
110;6;20
110;7;10
111;0;10
111;1;20
111;2;30
111;3;40
111;4;50
111;5;60
111;6;70
111;7;80
112;0;10
112;1;20
112;2;30
112;3;40
112;4;50
112;5;60
112;6;70
112;7;80
113;0;10
113;1;20
113;2;30
113;3;40
113;4;50
113;5;60
113;6;70
113;7;80
114;0;80
114;1;70
114;2;60
114;3;50
114;4;40
114;5;30
114;6;20
114;7;10
115;0;80
115;1;70
115;2;60
115;3;50
115;4;40
115;5;30
115;6;20
115;7;10
116;0;10
116;1;10
116;2;10
116;3;10
116;4;10
116;5;10
116;6;10
116;7;10
117;0;10
117;1;10
117;2;10
117;3;10
117;4;10
117;5;10
117;6;10
117;7;10
118;0;10
118;1;20
118;2;30
118;3;40
118;4;50
118;5;60
118;6;70
118;7;80
119;0;80
119;1;70
119;2;60
119;3;50
119;4;40
119;5;30
119;6;20
119;7;10
120;0;10
120;1;20
120;2;30
120;3;40
120;4;50
120;5;60
120;6;70
120;7;80
121;0;10
121;1;20
121;2;30
121;3;40
121;4;50
121;5;60
121;6;70
121;7;80
122;0;10
122;1;10
122;2;10
122;3;10
122;4;10
122;5;10
122;6;10
122;7;10
123;0;10
123;1;10
123;2;10
123;3;10
123;4;10
123;5;10
123;6;10
123;7;10
124;0;80
124;1;70
124;2;60
124;3;50
124;4;40
124;5;30
124;6;20
124;7;10
125;0;10
125;1;10
125;2;10
125;3;10
125;4;10
125;5;10
125;6;10
125;7;10
126;0;10
126;1;10
126;2;10
126;3;10
126;4;10
126;5;10
126;6;10
126;7;10
127;0;80
127;1;70
127;2;60
127;3;50
127;4;40
127;5;30
127;6;20
127;7;10
128;0;10
128;1;10
128;2;10
128;3;10
128;4;10
128;5;10
128;6;10
128;7;10
129;0;80
129;1;70
129;2;60
129;3;50
129;4;40
129;5;30
129;6;20
129;7;10
130;0;80
130;1;70
130;2;60
130;3;50
130;4;40
130;5;30
130;6;20
130;7;10
131;0;10
131;1;10
131;2;10
131;3;10
131;4;10
131;5;10
131;6;10
131;7;10
132;0;10
132;1;20
132;2;30
132;3;40
132;4;50
132;5;60
132;6;70
132;7;80
133;0;10
133;1;20
133;2;30
133;3;40
133;4;50
133;5;60
133;6;70
133;7;80
134;0;10
134;1;10
134;2;10
134;3;10
134;4;10
134;5;10
134;6;10
134;7;10
135;0;10
135;1;10
135;2;10
135;3;10
135;4;10
135;5;10
135;6;10
135;7;10
136;0;10
136;1;20
136;2;30
136;3;40
136;4;50
136;5;60
136;6;70
136;7;80
137;0;80
137;1;70
137;2;60
137;3;50
137;4;40
137;5;30
137;6;20
137;7;10
138;0;80
138;1;70
138;2;60
138;3;50
138;4;40
138;5;30
138;6;20
138;7;10
139;0;80
139;1;70
139;2;60
139;3;50
139;4;40
139;5;30
139;6;20
139;7;10
140;0;80
140;1;70
140;2;60
140;3;50
140;4;40
140;5;30
140;6;20
140;7;10
141;0;10
141;1;10
141;2;10
141;3;10
141;4;10
141;5;10
141;6;10
141;7;10
142;0;80
142;1;70
142;2;60
142;3;50
142;4;40
142;5;30
142;6;20
142;7;10
143;0;10
143;1;10
143;2;10
143;3;10
143;4;10
143;5;10
143;6;10
143;7;10
144;0;80
144;1;70
144;2;60
144;3;50
144;4;40
144;5;30
144;6;20
144;7;10
145;0;10
145;1;10
145;2;10
145;3;10
145;4;10
145;5;10
145;6;10
145;7;10
146;0;10
146;1;20
146;2;30
146;3;40
146;4;50
146;5;60
146;6;70
146;7;80
147;0;80
147;1;70
147;2;60
147;3;50
147;4;40
147;5;30
147;6;20
147;7;10
148;0;10
148;1;20
148;2;30
148;3;40
148;4;50
148;5;60
148;6;70
148;7;80
149;0;10
149;1;10
149;2;10
149;3;10
149;4;10
149;5;10
149;6;10
149;7;10
150;0;80
150;1;70
150;2;60
150;3;50
150;4;40
150;5;30
150;6;20
150;7;10
151;0;80
151;1;70
151;2;60
151;3;50
151;4;40
151;5;30
151;6;20
151;7;10
152;0;80
152;1;70
152;2;60
152;3;50
152;4;40
152;5;30
152;6;20
152;7;10
153;0;10
153;1;20
153;2;30
153;3;40
153;4;50
153;5;60
153;6;70
153;7;80
154;0;10
154;1;10
154;2;10
154;3;10
154;4;10
154;5;10
154;6;10
154;7;10
155;0;10
155;1;20
155;2;30
155;3;40
155;4;50
155;5;60
155;6;70
155;7;80
156;0;10
156;1;10
156;2;10
156;3;10
156;4;10
156;5;10
156;6;10
156;7;10
157;0;10
157;1;20
157;2;30
157;3;40
157;4;50
157;5;60
157;6;70
157;7;80
158;0;10
158;1;10
158;2;10
158;3;10
158;4;10
158;5;10
158;6;10
158;7;10
