30;15;49
0;0;10
1;0;50
1;1;100
1;3;100
2;0;100
2;4;100
2;6;70
3;1;70
3;2;100
3;3;10
3;7;10
3;9;70
4;2;10
4;3;70
4;10;10
4;12;100
5;2;10
5;3;50
5;13;50
6;4;10
6;5;10
6;6;50
7;5;10
7;6;70
8;5;70
8;6;10
9;7;70
9;8;50
9;9;70
10;8;70
10;9;70
11;8;50
11;9;70
12;8;70
12;9;10
13;10;10
13;11;50
13;12;100
14;11;50
14;12;50
15;11;50
15;12;70
16;11;100
16;12;10
17;13;100
17;14;10
18;14;10
19;14;10
20;14;10
0;0;80
0;1;70
0;2;60
0;3;50
0;4;40
0;5;30
0;6;20
0;7;10
1;0;10
1;1;20
1;2;30
1;3;40
1;4;50
1;5;60
1;6;70
1;7;80
2;0;80
2;1;70
2;2;60
2;3;50
2;4;40
2;5;30
2;6;20
2;7;10
3;0;10
3;1;20
3;2;30
3;3;40
3;4;50
3;5;60
3;6;70
3;7;80
4;0;10
4;1;20
4;2;30
4;3;40
4;4;50
4;5;60
4;6;70
4;7;80
5;0;10
5;1;10
5;2;10
5;3;10
5;4;10
5;5;10
5;6;10
5;7;10
6;0;10
6;1;20
6;2;30
6;3;40
6;4;50
6;5;60
6;6;70
6;7;80
7;0;80
7;1;70
7;2;60
7;3;50
7;4;40
7;5;30
7;6;20
7;7;10
8;0;80
8;1;70
8;2;60
8;3;50
8;4;40
8;5;30
8;6;20
8;7;10
9;0;10
9;1;10
9;2;10
9;3;10
9;4;10
9;5;10
9;6;10
9;7;10
10;0;10
10;1;10
10;2;10
10;3;10
10;4;10
10;5;10
10;6;10
10;7;10
11;0;10
11;1;20
11;2;30
11;3;40
11;4;50
11;5;60
11;6;70
11;7;80
12;0;10
12;1;20
12;2;30
12;3;40
12;4;50
12;5;60
12;6;70
12;7;80
13;0;80
13;1;70
13;2;60
13;3;50
13;4;40
13;5;30
13;6;20
13;7;10
14;0;10
14;1;10
14;2;10
14;3;10
14;4;10
14;5;10
14;6;10
14;7;10
15;0;80
15;1;70
15;2;60
15;3;50
15;4;40
15;5;30
15;6;20
15;7;10
16;0;10
16;1;20
16;2;30
16;3;40
16;4;50
16;5;60
16;6;70
16;7;80
17;0;10
17;1;10
17;2;10
17;3;10
17;4;10
17;5;10
17;6;10
17;7;10
18;0;10
18;1;10
18;2;10
18;3;10
18;4;10
18;5;10
18;6;10
18;7;10
19;0;80
19;1;70
19;2;60
19;3;50
19;4;40
19;5;30
19;6;20
19;7;10
20;0;80
20;1;70
20;2;60
20;3;50
20;4;40
20;5;30
20;6;20
20;7;10
