100;50;193
0;0;10
1;0;70
1;1;100
1;3;70
2;0;50
2;4;10
2;6;70
3;1;10
3;2;50
3;3;50
3;7;70
3;9;50
4;2;50
4;3;50
4;10;100
4;12;100
5;2;10
5;3;50
5;13;10
5;15;70
6;4;10
6;5;50
6;6;50
6;16;50
6;18;100
7;5;100
7;6;50
7;19;70
7;21;50
8;5;70
8;6;10
8;22;50
8;24;50
9;7;100
9;8;70
9;9;100
9;25;50
9;27;10
10;8;70
10;9;70
10;28;10
10;30;100
11;8;100
11;9;70
11;31;100
11;33;100
12;8;10
12;9;10
12;34;10
12;36;70
13;10;100
13;11;100
13;12;10
13;37;50
13;39;10
14;11;100
14;12;100
14;40;10
14;42;50
15;11;100
15;12;70
15;43;10
15;45;70
16;11;100
16;12;70
16;46;70
16;48;50
17;13;50
17;14;10
17;15;10
17;49;50
18;14;10
18;15;10
19;14;50
19;15;50
20;14;70
20;15;10
21;16;70
21;17;10
21;18;10
22;17;70
22;18;70
23;17;10
23;18;100
24;17;70
24;18;10
25;19;10
25;20;100
25;21;50
26;20;70
26;21;10
27;20;50
27;21;10
28;20;70
28;21;10
29;22;100
29;23;10
29;24;100
30;23;100
30;24;70
31;23;50
31;24;10
32;23;10
32;24;100
33;25;10
33;26;10
33;27;10
34;26;70
34;27;50
35;26;100
35;27;100
36;26;100
36;27;100
37;26;10
37;27;10
38;28;70
38;29;70
38;30;70
39;29;100
39;30;50
40;29;50
40;30;70
41;29;100
41;30;50
42;29;50
42;30;10
43;31;100
43;32;70
43;33;70
44;32;50
44;33;50
45;32;50
45;33;50
46;32;100
46;33;70
47;32;10
47;33;70
48;34;100
48;35;50
48;36;70
49;35;10
49;36;100
50;35;100
50;36;100
51;35;50
51;36;100
52;35;70
52;36;10
53;37;70
53;38;70
53;39;10
54;38;10
54;39;100
55;38;100
55;39;100
56;38;70
56;39;100
57;38;10
57;39;10
58;40;70
58;41;70
58;42;50
59;41;70
59;42;10
60;41;100
60;42;50
61;41;70
61;42;70
62;41;70
62;42;50
63;43;100
63;44;50
63;45;50
64;44;70
64;45;10
65;44;100
65;45;10
66;44;50
66;45;70
67;44;10
67;45;70
68;46;50
68;47;100
68;48;100
69;47;70
69;48;10
70;47;70
70;48;70
71;47;100
71;48;70
72;47;10
72;48;70
73;49;10
0;0;80
0;1;70
0;2;60
0;3;50
0;4;40
0;5;30
0;6;20
0;7;10
1;0;10
1;1;10
1;2;10
1;3;10
1;4;10
1;5;10
1;6;10
1;7;10
2;0;10
2;1;10
2;2;10
2;3;10
2;4;10
2;5;10
2;6;10
2;7;10
3;0;10
3;1;10
3;2;10
3;3;10
3;4;10
3;5;10
3;6;10
3;7;10
4;0;80
4;1;70
4;2;60
4;3;50
4;4;40
4;5;30
4;6;20
4;7;10
5;0;10
5;1;20
5;2;30
5;3;40
5;4;50
5;5;60
5;6;70
5;7;80
6;0;10
6;1;10
6;2;10
6;3;10
6;4;10
6;5;10
6;6;10
6;7;10
7;0;10
7;1;10
7;2;10
7;3;10
7;4;10
7;5;10
7;6;10
7;7;10
8;0;10
8;1;10
8;2;10
8;3;10
8;4;10
8;5;10
8;6;10
8;7;10
9;0;10
9;1;10
9;2;10
9;3;10
9;4;10
9;5;10
9;6;10
9;7;10
10;0;80
10;1;70
10;2;60
10;3;50
10;4;40
10;5;30
10;6;20
10;7;10
11;0;10
11;1;10
11;2;10
11;3;10
11;4;10
11;5;10
11;6;10
11;7;10
12;0;80
12;1;70
12;2;60
12;3;50
12;4;40
12;5;30
12;6;20
12;7;10
13;0;80
13;1;70
13;2;60
13;3;50
13;4;40
13;5;30
13;6;20
13;7;10
14;0;10
14;1;20
14;2;30
14;3;40
14;4;50
14;5;60
14;6;70
14;7;80
15;0;80
15;1;70
15;2;60
15;3;50
15;4;40
15;5;30
15;6;20
15;7;10
16;0;10
16;1;10
16;2;10
16;3;10
16;4;10
16;5;10
16;6;10
16;7;10
17;0;80
17;1;70
17;2;60
17;3;50
17;4;40
17;5;30
17;6;20
17;7;10
18;0;10
18;1;20
18;2;30
18;3;40
18;4;50
18;5;60
18;6;70
18;7;80
19;0;80
19;1;70
19;2;60
19;3;50
19;4;40
19;5;30
19;6;20
19;7;10
20;0;10
20;1;20
20;2;30
20;3;40
20;4;50
20;5;60
20;6;70
20;7;80
21;0;10
21;1;20
21;2;30
21;3;40
21;4;50
21;5;60
21;6;70
21;7;80
22;0;10
22;1;20
22;2;30
22;3;40
22;4;50
22;5;60
22;6;70
22;7;80
23;0;10
23;1;10
23;2;10
23;3;10
23;4;10
23;5;10
23;6;10
23;7;10
24;0;10
24;1;10
24;2;10
24;3;10
24;4;10
24;5;10
24;6;10
24;7;10
25;0;10
25;1;20
25;2;30
25;3;40
25;4;50
25;5;60
25;6;70
25;7;80
26;0;10
26;1;20
26;2;30
26;3;40
26;4;50
26;5;60
26;6;70
26;7;80
27;0;10
27;1;10
27;2;10
27;3;10
27;4;10
27;5;10
27;6;10
27;7;10
28;0;10
28;1;20
28;2;30
28;3;40
28;4;50
28;5;60
28;6;70
28;7;80
29;0;10
29;1;10
29;2;10
29;3;10
29;4;10
29;5;10
29;6;10
29;7;10
30;0;10
30;1;10
30;2;10
30;3;10
30;4;10
30;5;10
30;6;10
30;7;10
31;0;10
31;1;10
31;2;10
31;3;10
31;4;10
31;5;10
31;6;10
31;7;10
32;0;10
32;1;10
32;2;10
32;3;10
32;4;10
32;5;10
32;6;10
32;7;10
33;0;80
33;1;70
33;2;60
33;3;50
33;4;40
33;5;30
33;6;20
33;7;10
34;0;10
34;1;10
34;2;10
34;3;10
34;4;10
34;5;10
34;6;10
34;7;10
35;0;10
35;1;20
35;2;30
35;3;40
35;4;50
35;5;60
35;6;70
35;7;80
36;0;10
36;1;10
36;2;10
36;3;10
36;4;10
36;5;10
36;6;10
36;7;10
37;0;80
37;1;70
37;2;60
37;3;50
37;4;40
37;5;30
37;6;20
37;7;10
38;0;10
38;1;10
38;2;10
38;3;10
38;4;10
38;5;10
38;6;10
38;7;10
39;0;10
39;1;10
39;2;10
39;3;10
39;4;10
39;5;10
39;6;10
39;7;10
40;0;10
40;1;20
40;2;30
40;3;40
40;4;50
40;5;60
40;6;70
40;7;80
41;0;10
41;1;10
41;2;10
41;3;10
41;4;10
41;5;10
41;6;10
41;7;10
42;0;10
42;1;20
42;2;30
42;3;40
42;4;50
42;5;60
42;6;70
42;7;80
43;0;10
43;1;20
43;2;30
43;3;40
43;4;50
43;5;60
43;6;70
43;7;80
44;0;10
44;1;20
44;2;30
44;3;40
44;4;50
44;5;60
44;6;70
44;7;80
45;0;80
45;1;70
45;2;60
45;3;50
45;4;40
45;5;30
45;6;20
45;7;10
46;0;80
46;1;70
46;2;60
46;3;50
46;4;40
46;5;30
46;6;20
46;7;10
47;0;10
47;1;20
47;2;30
47;3;40
47;4;50
47;5;60
47;6;70
47;7;80
48;0;10
48;1;10
48;2;10
48;3;10
48;4;10
48;5;10
48;6;10
48;7;10
49;0;10
49;1;10
49;2;10
49;3;10
49;4;10
49;5;10
49;6;10
49;7;10
50;0;10
50;1;10
50;2;10
50;3;10
50;4;10
50;5;10
50;6;10
50;7;10
51;0;80
51;1;70
51;2;60
51;3;50
51;4;40
51;5;30
51;6;20
51;7;10
52;0;80
52;1;70
52;2;60
52;3;50
52;4;40
52;5;30
52;6;20
52;7;10
53;0;80
53;1;70
53;2;60
53;3;50
53;4;40
53;5;30
53;6;20
53;7;10
54;0;10
54;1;10
54;2;10
54;3;10
54;4;10
54;5;10
54;6;10
54;7;10
55;0;10
55;1;20
55;2;30
55;3;40
55;4;50
55;5;60
55;6;70
55;7;80
56;0;80
56;1;70
56;2;60
56;3;50
56;4;40
56;5;30
56;6;20
56;7;10
57;0;10
57;1;10
57;2;10
57;3;10
57;4;10
57;5;10
57;6;10
57;7;10
58;0;10
58;1;10
58;2;10
58;3;10
58;4;10
58;5;10
58;6;10
58;7;10
59;0;10
59;1;10
59;2;10
59;3;10
59;4;10
59;5;10
59;6;10
59;7;10
60;0;10
60;1;20
60;2;30
60;3;40
60;4;50
60;5;60
60;6;70
60;7;80
61;0;10
61;1;10
61;2;10
61;3;10
61;4;10
61;5;10
61;6;10
61;7;10
62;0;10
62;1;20
62;2;30
62;3;40
62;4;50
62;5;60
62;6;70
62;7;80
63;0;10
63;1;10
63;2;10
63;3;10
63;4;10
63;5;10
63;6;10
63;7;10
64;0;10
64;1;10
64;2;10
64;3;10
64;4;10
64;5;10
64;6;10
64;7;10
65;0;10
65;1;20
65;2;30
65;3;40
65;4;50
65;5;60
65;6;70
65;7;80
66;0;10
66;1;10
66;2;10
66;3;10
66;4;10
66;5;10
66;6;10
66;7;10
67;0;10
67;1;20
67;2;30
67;3;40
67;4;50
67;5;60
67;6;70
67;7;80
68;0;10
68;1;10
68;2;10
68;3;10
68;4;10
68;5;10
68;6;10
68;7;10
69;0;80
69;1;70
69;2;60
69;3;50
69;4;40
69;5;30
69;6;20
69;7;10
70;0;10
70;1;10
70;2;10
70;3;10
70;4;10
70;5;10
70;6;10
70;7;10
71;0;80
71;1;70
71;2;60
71;3;50
71;4;40
71;5;30
71;6;20
71;7;10
72;0;80
72;1;70
72;2;60
72;3;50
72;4;40
72;5;30
72;6;20
72;7;10
73;0;80
73;1;70
73;2;60
73;3;50
73;4;40
73;5;30
73;6;20
73;7;10
