1000;500;2439
0;0;10
1;0;50
1;1;50
1;3;70
2;0;100
2;4;10
2;6;50
3;1;70
3;2;100
3;3;100
3;7;100
3;9;10
4;2;50
4;3;100
4;10;70
4;12;10
5;2;100
5;3;10
5;13;100
5;15;100
6;4;10
6;5;100
6;6;10
6;16;70
6;18;100
7;5;70
7;6;100
7;19;50
7;21;10
8;5;10
8;6;50
8;22;100
8;24;70
9;7;100
9;8;70
9;9;70
9;25;50
9;27;50
10;8;70
10;9;50
10;28;100
10;30;100
11;8;50
11;9;70
11;31;10
11;33;10
12;8;10
12;9;100
12;34;70
12;36;50
13;10;70
13;11;50
13;12;70
13;37;70
13;39;70
14;11;50
14;12;10
14;40;70
14;42;70
15;11;100
15;12;50
15;43;10
15;45;50
16;11;10
16;12;10
16;46;100
16;48;50
17;13;100
17;14;70
17;15;100
17;49;50
17;51;100
18;14;70
18;15;10
18;52;100
18;54;70
19;14;50
19;15;70
19;55;10
19;57;70
20;14;10
20;15;10
20;58;50
20;60;100
21;16;100
21;17;50
21;18;100
21;61;50
21;63;50
22;17;50
22;18;100
22;64;70
22;66;10
23;17;10
23;18;50
23;67;100
23;69;10
24;17;70
24;18;100
24;70;10
24;72;10
25;19;10
25;20;50
25;21;50
25;73;100
25;75;100
26;20;70
26;21;50
26;76;100
26;78;10
27;20;10
27;21;50
27;79;50
27;81;10
28;20;70
28;21;100
28;82;10
28;84;100
29;22;70
29;23;10
29;24;70
29;85;70
29;87;70
30;23;50
30;24;10
30;88;70
30;90;100
31;23;100
31;24;100
31;91;100
31;93;70
32;23;10
32;24;70
32;94;50
32;96;10
33;25;10
33;26;70
33;27;50
33;97;10
33;99;100
34;26;50
34;27;50
34;100;70
34;102;50
35;26;50
35;27;50
35;103;50
35;105;50
36;26;70
36;27;100
36;106;100
36;108;10
37;26;100
37;27;10
37;109;50
37;111;50
38;28;100
38;29;100
38;30;50
38;112;50
38;114;10
39;29;50
39;30;50
39;115;100
39;117;50
40;29;10
40;30;50
40;118;100
40;120;10
41;29;70
41;30;70
41;121;70
41;123;70
42;29;10
42;30;10
42;124;50
42;126;50
43;31;50
43;32;10
43;33;10
43;127;50
43;129;10
44;32;10
44;33;100
44;130;50
44;132;70
45;32;100
45;33;100
45;133;10
45;135;70
46;32;100
46;33;50
46;136;10
46;138;50
47;32;10
47;33;100
47;139;50
47;141;70
48;34;50
48;35;10
48;36;50
48;142;50
48;144;10
49;35;50
49;36;100
49;145;100
49;147;70
50;35;100
50;36;70
50;148;70
50;150;10
51;35;50
51;36;50
51;151;10
51;153;10
52;35;50
52;36;70
52;154;50
52;156;50
53;37;50
53;38;70
53;39;10
53;157;70
53;159;100
54;38;50
54;39;70
54;160;50
54;162;70
55;38;70
55;39;100
55;163;100
55;165;50
56;38;70
56;39;50
56;166;100
56;168;70
57;38;100
57;39;50
57;169;100
57;171;10
58;40;70
58;41;70
58;42;70
58;172;70
58;174;10
59;41;100
59;42;10
59;175;10
59;177;50
60;41;70
60;42;100
60;178;70
60;180;100
61;41;50
61;42;10
61;181;50
61;183;10
62;41;50
62;42;70
62;184;100
62;186;100
63;43;70
63;44;100
63;45;70
63;187;50
63;189;50
64;44;70
64;45;10
64;190;10
64;192;10
65;44;50
65;45;10
65;193;50
65;195;70
66;44;70
66;45;100
66;196;10
66;198;100
67;44;50
67;45;70
67;199;50
67;201;70
68;46;70
68;47;50
68;48;10
68;202;100
68;204;70
69;47;100
69;48;10
69;205;100
69;207;70
70;47;100
70;48;100
70;208;50
70;210;10
71;47;70
71;48;50
71;211;10
71;213;70
72;47;50
72;48;70
72;214;70
72;216;100
73;49;50
73;50;70
73;51;10
73;217;10
73;219;70
74;50;10
74;51;70
74;220;70
74;222;10
75;50;100
75;51;10
75;223;100
75;225;10
76;50;100
76;51;70
76;226;100
76;228;100
77;50;100
77;51;100
77;229;10
77;231;100
78;52;100
78;53;100
78;54;100
78;232;100
78;234;10
79;53;100
79;54;100
79;235;10
79;237;100
80;53;50
80;54;50
80;238;100
80;240;100
81;53;100
81;54;70
81;241;100
81;243;100
82;53;100
82;54;70
82;244;100
82;246;70
83;55;70
83;56;70
83;57;50
83;247;70
83;249;70
84;56;10
84;57;100
84;250;100
84;252;70
85;56;50
85;57;70
85;253;70
85;255;100
86;56;10
86;57;50
86;256;100
86;258;10
87;56;10
87;57;50
87;259;10
87;261;50
88;58;100
88;59;10
88;60;10
88;262;50
88;264;100
89;59;70
89;60;100
89;265;50
89;267;50
90;59;50
90;60;70
90;268;100
90;270;50
91;59;70
91;60;100
91;271;70
91;273;100
92;59;100
92;60;50
92;274;70
92;276;50
93;61;50
93;62;50
93;63;100
93;277;70
93;279;70
94;62;70
94;63;100
94;280;100
94;282;50
95;62;10
95;63;50
95;283;50
95;285;50
96;62;50
96;63;100
96;286;50
96;288;70
97;62;70
97;63;10
97;289;70
97;291;10
98;64;70
98;65;100
98;66;70
98;292;100
98;294;70
99;65;100
99;66;10
99;295;10
99;297;50
100;65;100
100;66;70
100;298;70
100;300;70
101;65;10
101;66;100
101;301;70
101;303;50
102;65;50
102;66;70
102;304;100
102;306;100
103;67;50
103;68;100
103;69;70
103;307;10
103;309;100
104;68;70
104;69;10
104;310;70
104;312;70
105;68;10
105;69;100
105;313;10
105;315;50
106;68;50
106;69;50
106;316;100
106;318;100
107;68;10
107;69;100
107;319;100
107;321;70
108;70;100
108;71;70
108;72;70
108;322;50
108;324;70
109;71;70
109;72;100
109;325;70
109;327;10
110;71;50
110;72;50
110;328;100
110;330;50
111;71;70
111;72;100
111;331;10
111;333;50
112;71;70
112;72;100
112;334;100
112;336;10
113;73;100
113;74;10
113;75;10
113;337;10
113;339;70
114;74;10
114;75;50
114;340;70
114;342;70
115;74;100
115;75;100
115;343;50
115;345;50
116;74;70
116;75;70
116;346;50
116;348;10
117;74;100
117;75;70
117;349;100
117;351;10
118;76;100
118;77;70
118;78;10
118;352;70
118;354;100
119;77;10
119;78;70
119;355;50
119;357;100
120;77;100
120;78;100
120;358;10
120;360;70
121;77;100
121;78;50
121;361;100
121;363;50
122;77;50
122;78;100
122;364;100
122;366;100
123;79;50
123;80;70
123;81;50
123;367;100
123;369;100
124;80;100
124;81;10
124;370;50
124;372;70
125;80;70
125;81;70
125;373;10
125;375;70
126;80;10
126;81;10
126;376;50
126;378;10
127;80;70
127;81;70
127;379;100
127;381;10
128;82;10
128;83;100
128;84;10
128;382;70
128;384;70
129;83;70
129;84;10
129;385;70
129;387;10
130;83;70
130;84;50
130;388;10
130;390;100
131;83;100
131;84;50
131;391;50
131;393;50
132;83;70
132;84;100
132;394;70
132;396;10
133;85;100
133;86;70
133;87;10
133;397;100
133;399;10
134;86;50
134;87;70
134;400;10
134;402;100
135;86;70
135;87;50
135;403;10
135;405;50
136;86;50
136;87;100
136;406;100
136;408;70
137;86;100
137;87;10
137;409;50
137;411;10
138;88;50
138;89;100
138;90;10
138;412;70
138;414;70
139;89;10
139;90;70
139;415;100
139;417;100
140;89;100
140;90;70
140;418;70
140;420;100
141;89;50
141;90;50
141;421;10
141;423;50
142;89;100
142;90;50
142;424;10
142;426;70
143;91;100
143;92;50
143;93;50
143;427;100
143;429;70
144;92;50
144;93;70
144;430;10
144;432;70
145;92;70
145;93;10
145;433;10
145;435;70
146;92;70
146;93;100
146;436;70
146;438;100
147;92;70
147;93;100
147;439;50
147;441;100
148;94;50
148;95;10
148;96;70
148;442;70
148;444;10
149;95;100
149;96;70
149;445;50
149;447;100
150;95;10
150;96;100
150;448;10
150;450;70
151;95;50
151;96;10
151;451;100
151;453;10
152;95;70
152;96;100
152;454;10
152;456;70
153;97;100
153;98;100
153;99;100
153;457;100
153;459;10
154;98;50
154;99;10
154;460;50
154;462;50
155;98;50
155;99;50
155;463;100
155;465;70
156;98;10
156;99;50
156;466;10
156;468;100
157;98;100
157;99;100
157;469;50
157;471;70
158;98;70
158;99;10
158;472;70
158;474;50
159;100;70
159;101;50
159;102;50
159;475;10
159;477;100
160;101;10
160;102;50
160;478;70
160;480;100
161;101;10
161;102;100
161;481;70
161;483;70
162;101;100
162;102;100
162;484;50
162;486;50
163;101;50
163;102;100
163;487;100
163;489;100
164;101;10
164;102;10
164;490;70
164;492;100
165;103;70
165;104;50
165;105;70
165;493;70
165;495;10
166;104;10
166;105;70
166;496;10
166;498;50
167;104;100
167;105;100
167;499;50
168;104;100
168;105;10
169;104;10
169;105;100
170;104;100
170;105;100
171;106;70
171;107;10
171;108;50
172;107;70
172;108;100
173;107;50
173;108;10
174;107;50
174;108;50
175;107;10
175;108;10
176;107;10
176;108;100
177;109;70
177;110;50
177;111;10
178;110;50
178;111;100
179;110;50
179;111;50
180;110;10
180;111;50
181;110;100
181;111;70
182;110;10
182;111;100
183;112;70
183;113;50
183;114;100
184;113;100
184;114;70
185;113;50
185;114;100
186;113;50
186;114;50
187;113;100
187;114;10
188;113;70
188;114;70
189;115;50
189;116;100
189;117;70
190;116;70
190;117;100
191;116;70
191;117;70
192;116;70
192;117;70
193;116;10
193;117;100
194;116;100
194;117;100
195;118;100
195;119;100
195;120;100
196;119;10
196;120;70
197;119;100
197;120;10
198;119;100
198;120;100
199;119;50
199;120;70
200;119;10
200;120;100
201;121;10
201;122;50
201;123;10
202;122;70
202;123;10
203;122;100
203;123;50
204;122;10
204;123;10
205;122;10
205;123;10
206;122;70
206;123;100
207;124;50
207;125;50
207;126;10
208;125;100
208;126;70
209;125;100
209;126;70
210;125;70
210;126;70
211;125;50
211;126;50
212;125;10
212;126;100
213;127;50
213;128;70
213;129;50
214;128;100
214;129;10
215;128;70
215;129;10
216;128;10
216;129;70
217;128;10
217;129;50
218;128;70
218;129;70
219;130;10
219;131;10
219;132;70
220;131;70
220;132;100
221;131;50
221;132;10
222;131;10
222;132;70
223;131;70
223;132;50
224;131;100
224;132;70
225;133;70
225;134;50
225;135;100
226;134;70
226;135;50
227;134;10
227;135;100
228;134;100
228;135;100
229;134;50
229;135;50
230;134;70
230;135;50
231;136;10
231;137;100
231;138;70
232;137;100
232;138;50
233;137;100
233;138;50
234;137;50
234;138;10
235;137;10
235;138;100
236;137;100
236;138;100
237;139;50
237;140;50
237;141;70
238;140;70
238;141;70
239;140;100
239;141;50
240;140;70
240;141;50
241;140;100
241;141;70
242;140;100
242;141;10
243;142;70
243;143;70
243;144;10
244;143;100
244;144;70
245;143;100
245;144;100
246;143;100
246;144;50
247;143;100
247;144;100
248;143;70
248;144;10
249;145;100
249;146;50
249;147;50
250;146;100
250;147;50
251;146;100
251;147;100
252;146;10
252;147;50
253;146;100
253;147;10
254;146;70
254;147;70
255;148;70
255;149;70
255;150;70
256;149;70
256;150;50
257;149;10
257;150;70
258;149;10
258;150;10
259;149;50
259;150;100
260;149;100
260;150;70
261;151;50
261;152;10
261;153;100
262;152;50
262;153;50
263;152;100
263;153;70
264;152;70
264;153;50
265;152;70
265;153;70
266;152;70
266;153;10
267;154;10
267;155;70
267;156;50
268;155;10
268;156;70
269;155;50
269;156;10
270;155;50
270;156;50
271;155;50
271;156;50
272;155;100
272;156;50
273;157;100
273;158;10
273;159;100
274;158;100
274;159;10
275;158;50
275;159;10
276;158;100
276;159;50
277;158;70
277;159;100
278;158;100
278;159;70
279;160;50
279;161;70
279;162;70
280;161;100
280;162;10
281;161;100
281;162;50
282;161;100
282;162;10
283;161;70
283;162;100
284;161;50
284;162;50
285;163;10
285;164;70
285;165;10
286;164;50
286;165;70
287;164;100
287;165;100
288;164;70
288;165;50
289;164;50
289;165;50
290;164;10
290;165;70
291;166;50
291;167;10
291;168;10
292;167;10
292;168;100
293;167;50
293;168;70
294;167;70
294;168;50
295;167;50
295;168;100
296;167;50
296;168;70
297;169;100
297;170;100
297;171;100
298;170;10
298;171;70
299;170;10
299;171;70
300;170;100
300;171;70
301;170;10
301;171;10
302;170;50
302;171;10
303;172;70
303;173;100
303;174;70
304;173;10
304;174;70
305;173;100
305;174;10
306;173;50
306;174;70
307;173;70
307;174;100
308;173;10
308;174;10
309;175;10
309;176;50
309;177;70
310;176;100
310;177;10
311;176;100
311;177;70
312;176;50
312;177;10
313;176;70
313;177;50
314;176;10
314;177;50
315;178;70
315;179;100
315;180;100
316;179;100
316;180;10
317;179;10
317;180;70
318;179;50
318;180;100
319;179;10
319;180;70
320;179;50
320;180;10
321;181;70
321;182;100
321;183;100
322;182;50
322;183;100
323;182;70
323;183;100
324;182;10
324;183;50
325;182;100
325;183;100
326;182;70
326;183;70
327;184;10
327;185;100
327;186;70
328;185;100
328;186;10
329;185;70
329;186;100
330;185;100
330;186;10
331;185;100
331;186;100
332;185;70
332;186;10
333;187;10
333;188;50
333;189;50
334;188;70
334;189;70
335;188;70
335;189;100
336;188;70
336;189;50
337;188;10
337;189;70
338;188;50
338;189;100
339;190;10
339;191;70
339;192;100
340;191;10
340;192;10
341;191;10
341;192;10
342;191;70
342;192;100
343;191;10
343;192;10
344;191;100
344;192;70
345;193;50
345;194;70
345;195;10
346;194;70
346;195;70
347;194;10
347;195;10
348;194;70
348;195;50
349;194;10
349;195;70
350;194;100
350;195;50
351;196;50
351;197;10
351;198;10
352;197;70
352;198;10
353;197;70
353;198;100
354;197;50
354;198;50
355;197;100
355;198;100
356;197;100
356;198;100
357;199;50
357;200;10
357;201;70
358;200;70
358;201;10
359;200;50
359;201;100
360;200;100
360;201;10
361;200;100
361;201;70
362;200;10
362;201;50
363;202;100
363;203;50
363;204;50
364;203;10
364;204;10
365;203;10
365;204;70
366;203;10
366;204;100
367;203;100
367;204;10
368;203;50
368;204;50
369;205;50
369;206;100
369;207;50
370;206;100
370;207;10
371;206;70
371;207;10
372;206;100
372;207;70
373;206;100
373;207;70
374;206;100
374;207;50
375;208;50
375;209;100
375;210;10
376;209;10
376;210;100
377;209;100
377;210;50
378;209;100
378;210;70
379;209;70
379;210;100
380;209;100
380;210;70
381;211;10
381;212;10
381;213;10
382;212;70
382;213;50
383;212;70
383;213;10
384;212;100
384;213;50
385;212;10
385;213;100
386;212;70
386;213;100
387;214;100
387;215;10
387;216;70
388;215;50
388;216;10
389;215;70
389;216;100
390;215;100
390;216;10
391;215;100
391;216;10
392;215;50
392;216;10
393;217;100
393;218;50
393;219;100
394;218;10
394;219;50
395;218;100
395;219;50
396;218;50
396;219;100
397;218;50
397;219;70
398;218;50
398;219;10
399;220;100
399;221;10
399;222;70
400;221;10
400;222;100
401;221;70
401;222;10
402;221;70
402;222;50
403;221;10
403;222;70
404;221;100
404;222;70
405;223;50
405;224;70
405;225;70
406;224;50
406;225;10
407;224;50
407;225;100
408;224;10
408;225;70
409;224;50
409;225;70
410;224;70
410;225;10
411;226;10
411;227;70
411;228;50
412;227;70
412;228;50
413;227;100
413;228;50
414;227;10
414;228;10
415;227;50
415;228;100
416;227;50
416;228;100
417;229;100
417;230;10
417;231;10
418;230;10
418;231;70
419;230;50
419;231;100
420;230;70
420;231;10
421;230;100
421;231;50
422;230;100
422;231;70
423;232;100
423;233;100
423;234;50
424;233;50
424;234;50
425;233;70
425;234;70
426;233;10
426;234;100
427;233;70
427;234;50
428;233;50
428;234;70
429;235;70
429;236;50
429;237;70
430;236;50
430;237;50
431;236;100
431;237;70
432;236;50
432;237;100
433;236;50
433;237;10
434;236;100
434;237;70
435;238;70
435;239;100
435;240;100
436;239;50
436;240;100
437;239;10
437;240;100
438;239;10
438;240;100
439;239;10
439;240;10
440;239;50
440;240;50
441;241;50
441;242;70
441;243;70
442;242;50
442;243;70
443;242;100
443;243;100
444;242;10
444;243;50
445;242;70
445;243;70
446;242;10
446;243;50
447;244;50
447;245;70
447;246;70
448;245;50
448;246;100
449;245;10
449;246;50
450;245;10
450;246;70
451;245;50
451;246;50
452;245;50
452;246;50
453;247;10
453;248;100
453;249;100
454;248;10
454;249;70
455;248;70
455;249;50
456;248;50
456;249;10
457;248;10
457;249;100
458;248;10
458;249;100
459;250;50
459;251;100
459;252;70
460;251;50
460;252;100
461;251;10
461;252;50
462;251;50
462;252;50
463;251;70
463;252;50
464;251;70
464;252;100
465;253;10
465;254;50
465;255;70
466;254;100
466;255;10
467;254;10
467;255;10
468;254;100
468;255;70
469;254;100
469;255;70
470;254;10
470;255;10
471;256;100
471;257;50
471;258;70
472;257;100
472;258;70
473;257;10
473;258;50
474;257;50
474;258;10
475;257;10
475;258;10
476;257;70
476;258;100
477;259;100
477;260;10
477;261;70
478;260;100
478;261;100
479;260;100
479;261;50
480;260;100
480;261;70
481;260;50
481;261;10
482;260;70
482;261;70
483;262;100
483;263;50
483;264;70
484;263;10
484;264;100
485;263;50
485;264;50
486;263;10
486;264;50
487;263;100
487;264;100
488;263;50
488;264;50
489;265;10
489;266;70
489;267;100
490;266;10
490;267;50
491;266;70
491;267;70
492;266;50
492;267;50
493;266;100
493;267;70
494;266;70
494;267;50
495;268;10
495;269;70
495;270;50
496;269;70
496;270;100
497;269;100
497;270;10
498;269;70
498;270;10
499;269;50
499;270;50
500;269;70
500;270;70
501;271;50
501;272;100
501;273;100
502;272;100
502;273;50
503;272;50
503;273;70
504;272;70
504;273;70
505;272;50
505;273;70
506;272;10
506;273;100
507;274;70
507;275;70
507;276;10
508;275;50
508;276;50
509;275;100
509;276;100
510;275;10
510;276;70
511;275;100
511;276;50
512;275;100
512;276;10
513;277;100
513;278;10
513;279;50
514;278;70
514;279;100
515;278;50
515;279;50
516;278;10
516;279;10
517;278;100
517;279;10
518;278;10
518;279;70
519;280;10
519;281;100
519;282;70
520;281;50
520;282;50
521;281;10
521;282;70
522;281;100
522;282;70
523;281;50
523;282;10
524;281;70
524;282;100
525;283;50
525;284;50
525;285;10
526;284;10
526;285;10
527;284;100
527;285;100
528;284;50
528;285;70
529;284;100
529;285;50
530;284;50
530;285;70
531;286;100
531;287;50
531;288;10
532;287;10
532;288;100
533;287;10
533;288;10
534;287;50
534;288;10
535;287;50
535;288;100
536;287;50
536;288;10
537;289;50
537;290;70
537;291;70
538;290;10
538;291;10
539;290;100
539;291;10
540;290;70
540;291;50
541;290;100
541;291;100
542;290;100
542;291;50
543;292;10
543;293;100
543;294;10
544;293;100
544;294;100
545;293;70
545;294;50
546;293;100
546;294;70
547;293;10
547;294;70
548;293;50
548;294;50
549;295;50
549;296;70
549;297;100
550;296;100
550;297;10
551;296;10
551;297;100
552;296;10
552;297;70
553;296;10
553;297;10
554;296;100
554;297;70
555;298;100
555;299;100
555;300;100
556;299;100
556;300;100
557;299;70
557;300;10
558;299;70
558;300;10
559;299;50
559;300;50
560;299;70
560;300;70
561;301;10
561;302;50
561;303;10
562;302;10
562;303;50
563;302;70
563;303;50
564;302;50
564;303;10
565;302;100
565;303;70
566;302;50
566;303;10
567;304;70
567;305;100
567;306;100
568;305;100
568;306;70
569;305;10
569;306;70
570;305;10
570;306;70
571;305;10
571;306;50
572;305;10
572;306;100
573;307;70
573;308;70
573;309;50
574;308;10
574;309;50
575;308;50
575;309;50
576;308;10
576;309;100
577;308;10
577;309;10
578;308;10
578;309;100
579;310;50
579;311;50
579;312;70
580;311;10
580;312;50
581;311;70
581;312;50
582;311;10
582;312;70
583;311;10
583;312;70
584;311;100
584;312;50
585;313;70
585;314;100
585;315;100
586;314;100
586;315;10
587;314;100
587;315;100
588;314;50
588;315;70
589;314;70
589;315;100
590;314;100
590;315;70
591;316;10
591;317;100
591;318;10
592;317;10
592;318;70
593;317;50
593;318;100
594;317;10
594;318;100
595;317;70
595;318;70
596;317;50
596;318;50
597;319;70
597;320;10
597;321;100
598;320;100
598;321;10
599;320;50
599;321;10
600;320;100
600;321;70
601;320;10
601;321;70
602;320;50
602;321;10
603;322;50
603;323;100
603;324;70
604;323;70
604;324;10
605;323;100
605;324;70
606;323;70
606;324;100
607;323;70
607;324;10
608;323;50
608;324;50
609;325;50
609;326;70
609;327;50
610;326;50
610;327;70
611;326;70
611;327;100
612;326;70
612;327;10
613;326;100
613;327;50
614;326;10
614;327;70
615;328;70
615;329;70
615;330;100
616;329;100
616;330;100
617;329;10
617;330;70
618;329;100
618;330;100
619;329;70
619;330;70
620;329;10
620;330;100
621;331;70
621;332;10
621;333;70
622;332;70
622;333;10
623;332;10
623;333;50
624;332;10
624;333;50
625;332;70
625;333;100
626;332;70
626;333;50
627;334;10
627;335;100
627;336;10
628;335;10
628;336;50
629;335;100
629;336;50
630;335;70
630;336;100
631;335;10
631;336;50
632;335;10
632;336;70
633;337;70
633;338;70
633;339;10
634;338;50
634;339;50
635;338;10
635;339;70
636;338;50
636;339;100
637;338;100
637;339;100
638;338;10
638;339;100
639;340;10
639;341;70
639;342;50
640;341;50
640;342;10
641;341;10
641;342;10
642;341;50
642;342;70
643;341;50
643;342;100
644;341;50
644;342;50
645;343;10
645;344;50
645;345;70
646;344;70
646;345;50
647;344;70
647;345;10
648;344;100
648;345;100
649;344;50
649;345;50
650;344;10
650;345;70
651;346;50
651;347;70
651;348;70
652;347;100
652;348;100
653;347;100
653;348;70
654;347;50
654;348;70
655;347;50
655;348;50
656;347;100
656;348;10
657;349;100
657;350;50
657;351;50
658;350;100
658;351;70
659;350;10
659;351;50
660;350;50
660;351;100
661;350;10
661;351;50
662;350;70
662;351;70
663;352;50
663;353;10
663;354;100
664;353;10
664;354;50
665;353;70
665;354;100
666;353;50
666;354;10
667;353;70
667;354;50
668;353;10
668;354;100
669;355;70
669;356;70
669;357;100
670;356;50
670;357;50
671;356;70
671;357;50
672;356;10
672;357;10
673;356;100
673;357;50
674;356;100
674;357;10
675;358;70
675;359;10
675;360;10
676;359;100
676;360;70
677;359;100
677;360;10
678;359;70
678;360;100
679;359;50
679;360;10
680;359;70
680;360;10
681;361;70
681;362;10
681;363;70
682;362;50
682;363;50
683;362;50
683;363;10
684;362;70
684;363;70
685;362;70
685;363;100
686;362;100
686;363;70
687;364;10
687;365;100
687;366;50
688;365;50
688;366;50
689;365;100
689;366;10
690;365;10
690;366;10
691;365;50
691;366;70
692;365;70
692;366;100
693;367;70
693;368;50
693;369;70
694;368;100
694;369;10
695;368;100
695;369;10
696;368;50
696;369;10
697;368;100
697;369;70
698;368;50
698;369;70
699;370;100
699;371;70
699;372;50
700;371;10
700;372;50
701;371;70
701;372;10
702;371;70
702;372;10
703;371;10
703;372;100
704;371;10
704;372;10
705;373;70
705;374;70
705;375;100
706;374;70
706;375;70
707;374;10
707;375;10
708;374;100
708;375;70
709;374;10
709;375;100
710;374;100
710;375;100
711;376;50
711;377;10
711;378;10
712;377;10
712;378;100
713;377;10
713;378;10
714;377;50
714;378;50
715;377;10
715;378;10
716;377;100
716;378;50
717;379;10
717;380;70
717;381;10
718;380;100
718;381;10
719;380;100
719;381;50
720;380;10
720;381;70
721;380;10
721;381;70
722;380;70
722;381;70
723;382;70
723;383;100
723;384;100
724;383;10
724;384;70
725;383;100
725;384;10
726;383;50
726;384;50
727;383;10
727;384;50
728;383;100
728;384;50
729;385;100
729;386;50
729;387;100
730;386;10
730;387;70
731;386;100
731;387;100
732;386;70
732;387;50
733;386;100
733;387;10
734;386;70
734;387;10
735;388;10
735;389;50
735;390;70
736;389;50
736;390;70
737;389;10
737;390;100
738;389;10
738;390;70
739;389;10
739;390;70
740;389;100
740;390;70
741;391;70
741;392;10
741;393;10
742;392;50
742;393;100
743;392;70
743;393;10
744;392;50
744;393;10
745;392;100
745;393;10
746;392;50
746;393;10
747;394;50
747;395;100
747;396;70
748;395;70
748;396;100
749;395;10
749;396;10
750;395;50
750;396;100
751;395;70
751;396;70
752;395;50
752;396;50
753;397;100
753;398;70
753;399;10
754;398;100
754;399;10
755;398;100
755;399;100
756;398;50
756;399;10
757;398;50
757;399;70
758;398;70
758;399;70
759;400;70
759;401;10
759;402;100
760;401;50
760;402;50
761;401;10
761;402;50
762;401;50
762;402;10
763;401;70
763;402;50
764;401;70
764;402;70
765;403;100
765;404;50
765;405;50
766;404;50
766;405;70
767;404;50
767;405;100
768;404;10
768;405;70
769;404;100
769;405;10
770;404;70
770;405;10
771;406;70
771;407;50
771;408;70
772;407;70
772;408;100
773;407;100
773;408;50
774;407;10
774;408;70
775;407;50
775;408;10
776;407;70
776;408;70
777;409;70
777;410;70
777;411;70
778;410;70
778;411;10
779;410;70
779;411;70
780;410;70
780;411;100
781;410;100
781;411;70
782;410;10
782;411;50
783;412;10
783;413;70
783;414;70
784;413;50
784;414;100
785;413;70
785;414;70
786;413;50
786;414;50
787;413;10
787;414;50
788;413;70
788;414;10
789;415;50
789;416;50
789;417;50
790;416;10
790;417;100
791;416;50
791;417;50
792;416;10
792;417;100
793;416;10
793;417;50
794;416;50
794;417;100
795;418;10
795;419;10
795;420;10
796;419;50
796;420;100
797;419;50
797;420;10
798;419;70
798;420;100
799;419;50
799;420;50
800;419;100
800;420;100
801;421;50
801;422;100
801;423;10
802;422;100
802;423;70
803;422;50
803;423;70
804;422;70
804;423;70
805;422;70
805;423;100
806;422;100
806;423;10
807;424;50
807;425;100
807;426;10
808;425;100
808;426;50
809;425;10
809;426;50
810;425;100
810;426;10
811;425;100
811;426;70
812;425;70
812;426;50
813;427;70
813;428;50
813;429;50
814;428;70
814;429;100
815;428;10
815;429;10
816;428;10
816;429;100
817;428;10
817;429;100
818;428;70
818;429;10
819;430;10
819;431;50
819;432;50
820;431;100
820;432;10
821;431;50
821;432;70
822;431;10
822;432;100
823;431;70
823;432;100
824;431;70
824;432;100
825;433;50
825;434;10
825;435;70
826;434;50
826;435;50
827;434;100
827;435;70
828;434;100
828;435;70
829;434;100
829;435;100
830;434;70
830;435;10
831;436;50
831;437;10
831;438;100
832;437;10
832;438;50
833;437;10
833;438;50
834;437;100
834;438;100
835;437;70
835;438;70
836;437;50
836;438;70
837;439;50
837;440;10
837;441;70
838;440;70
838;441;50
839;440;10
839;441;100
840;440;10
840;441;10
841;440;10
841;441;100
842;440;50
842;441;50
843;442;50
843;443;50
843;444;100
844;443;10
844;444;10
845;443;70
845;444;70
846;443;70
846;444;10
847;443;70
847;444;100
848;443;70
848;444;100
849;445;10
849;446;70
849;447;70
850;446;70
850;447;50
851;446;100
851;447;10
852;446;70
852;447;50
853;446;50
853;447;100
854;446;70
854;447;10
855;448;10
855;449;10
855;450;100
856;449;50
856;450;100
857;449;50
857;450;50
858;449;10
858;450;10
859;449;50
859;450;50
860;449;70
860;450;100
861;451;10
861;452;100
861;453;100
862;452;100
862;453;10
863;452;70
863;453;100
864;452;10
864;453;50
865;452;10
865;453;50
866;452;70
866;453;100
867;454;70
867;455;70
867;456;100
868;455;100
868;456;10
869;455;50
869;456;10
870;455;10
870;456;50
871;455;50
871;456;50
872;455;50
872;456;50
873;457;10
873;458;10
873;459;50
874;458;50
874;459;70
875;458;70
875;459;100
876;458;70
876;459;10
877;458;100
877;459;100
878;458;10
878;459;10
879;458;100
879;459;70
880;460;100
880;461;70
880;462;100
881;461;10
881;462;10
882;461;10
882;462;100
883;461;10
883;462;10
884;461;10
884;462;70
885;461;50
885;462;50
886;461;50
886;462;100
887;463;100
887;464;50
887;465;10
888;464;70
888;465;50
889;464;100
889;465;70
890;464;50
890;465;50
891;464;10
891;465;70
892;464;10
892;465;100
893;464;100
893;465;10
894;466;10
894;467;50
894;468;100
895;467;10
895;468;70
896;467;10
896;468;10
897;467;50
897;468;10
898;467;50
898;468;50
899;467;50
899;468;70
900;467;70
900;468;100
901;469;50
901;470;100
901;471;10
902;470;10
902;471;50
903;470;50
903;471;10
904;470;70
904;471;70
905;470;10
905;471;50
906;470;10
906;471;10
907;470;50
907;471;10
908;472;70
908;473;10
908;474;70
909;473;100
909;474;70
910;473;70
910;474;10
911;473;100
911;474;50
912;473;50
912;474;70
913;473;50
913;474;50
914;473;10
914;474;100
915;475;10
915;476;10
915;477;70
916;476;100
916;477;50
917;476;70
917;477;70
918;476;50
918;477;100
919;476;70
919;477;100
920;476;70
920;477;50
921;476;10
921;477;100
922;478;50
922;479;100
922;480;100
923;479;100
923;480;10
924;479;50
924;480;10
925;479;50
925;480;50
926;479;70
926;480;50
927;479;50
927;480;10
928;479;50
928;480;100
929;481;100
929;482;70
929;483;10
930;482;70
930;483;100
931;482;100
931;483;100
932;482;70
932;483;10
933;482;10
933;483;50
934;482;100
934;483;10
935;482;50
935;483;100
936;484;100
936;485;50
936;486;10
937;485;70
937;486;100
938;485;10
938;486;70
939;485;100
939;486;100
940;485;100
940;486;70
941;485;50
941;486;50
942;485;70
942;486;100
943;487;70
943;488;50
943;489;50
944;488;10
944;489;10
945;488;10
945;489;10
946;488;100
946;489;50
947;488;70
947;489;10
948;488;70
948;489;50
949;488;10
949;489;50
950;490;70
950;491;70
950;492;100
951;491;70
951;492;100
952;491;70
952;492;50
953;491;10
953;492;100
954;491;70
954;492;50
955;491;10
955;492;10
956;491;50
956;492;10
957;493;10
957;494;70
957;495;50
958;494;100
958;495;50
959;494;50
959;495;10
960;494;10
960;495;70
961;494;50
961;495;10
962;494;50
962;495;50
963;494;50
963;495;70
964;496;100
964;497;50
964;498;70
965;497;70
965;498;10
966;497;10
966;498;50
967;497;100
967;498;50
968;497;50
968;498;70
969;497;50
969;498;100
970;497;100
970;498;100
971;499;50
0;0;10
0;1;10
0;2;10
0;3;10
0;4;10
0;5;10
0;6;10
0;7;10
1;0;80
1;1;70
1;2;60
1;3;50
1;4;40
1;5;30
1;6;20
1;7;10
2;0;80
2;1;70
2;2;60
2;3;50
2;4;40
2;5;30
2;6;20
2;7;10
3;0;80
3;1;70
3;2;60
3;3;50
3;4;40
3;5;30
3;6;20
3;7;10
4;0;10
4;1;10
4;2;10
4;3;10
4;4;10
4;5;10
4;6;10
4;7;10
5;0;10
5;1;10
5;2;10
5;3;10
5;4;10
5;5;10
5;6;10
5;7;10
6;0;10
6;1;10
6;2;10
6;3;10
6;4;10
6;5;10
6;6;10
6;7;10
7;0;80
7;1;70
7;2;60
7;3;50
7;4;40
7;5;30
7;6;20
7;7;10
8;0;10
8;1;20
8;2;30
8;3;40
8;4;50
8;5;60
8;6;70
8;7;80
9;0;10
9;1;20
9;2;30
9;3;40
9;4;50
9;5;60
9;6;70
9;7;80
10;0;10
10;1;10
10;2;10
10;3;10
10;4;10
10;5;10
10;6;10
10;7;10
11;0;10
11;1;10
11;2;10
11;3;10
11;4;10
11;5;10
11;6;10
11;7;10
12;0;10
12;1;10
12;2;10
12;3;10
12;4;10
12;5;10
12;6;10
12;7;10
13;0;10
13;1;10
13;2;10
13;3;10
13;4;10
13;5;10
13;6;10
13;7;10
14;0;80
14;1;70
14;2;60
14;3;50
14;4;40
14;5;30
14;6;20
14;7;10
15;0;10
15;1;10
15;2;10
15;3;10
15;4;10
15;5;10
15;6;10
15;7;10
16;0;10
16;1;20
16;2;30
16;3;40
16;4;50
16;5;60
16;6;70
16;7;80
17;0;10
17;1;20
17;2;30
17;3;40
17;4;50
17;5;60
17;6;70
17;7;80
18;0;80
18;1;70
18;2;60
18;3;50
18;4;40
18;5;30
18;6;20
18;7;10
19;0;10
19;1;20
19;2;30
19;3;40
19;4;50
19;5;60
19;6;70
19;7;80
20;0;80
20;1;70
20;2;60
20;3;50
20;4;40
20;5;30
20;6;20
20;7;10
21;0;10
21;1;10
21;2;10
21;3;10
21;4;10
21;5;10
21;6;10
21;7;10
22;0;10
22;1;10
22;2;10
22;3;10
22;4;10
22;5;10
22;6;10
22;7;10
23;0;10
23;1;20
23;2;30
23;3;40
23;4;50
23;5;60
23;6;70
23;7;80
24;0;80
24;1;70
24;2;60
24;3;50
24;4;40
24;5;30
24;6;20
24;7;10
25;0;10
25;1;20
25;2;30
25;3;40
25;4;50
25;5;60
25;6;70
25;7;80
26;0;10
26;1;20
26;2;30
26;3;40
26;4;50
26;5;60
26;6;70
26;7;80
27;0;10
27;1;20
27;2;30
27;3;40
27;4;50
27;5;60
27;6;70
27;7;80
28;0;10
28;1;20
28;2;30
28;3;40
28;4;50
28;5;60
28;6;70
28;7;80
29;0;10
29;1;20
29;2;30
29;3;40
29;4;50
29;5;60
29;6;70
29;7;80
30;0;10
30;1;20
30;2;30
30;3;40
30;4;50
30;5;60
30;6;70
30;7;80
31;0;80
31;1;70
31;2;60
31;3;50
31;4;40
31;5;30
31;6;20
31;7;10
32;0;10
32;1;10
32;2;10
32;3;10
32;4;10
32;5;10
32;6;10
32;7;10
33;0;10
33;1;20
33;2;30
33;3;40
33;4;50
33;5;60
33;6;70
33;7;80
34;0;10
34;1;20
34;2;30
34;3;40
34;4;50
34;5;60
34;6;70
34;7;80
35;0;10
35;1;20
35;2;30
35;3;40
35;4;50
35;5;60
35;6;70
35;7;80
36;0;10
36;1;20
36;2;30
36;3;40
36;4;50
36;5;60
36;6;70
36;7;80
37;0;80
37;1;70
37;2;60
37;3;50
37;4;40
37;5;30
37;6;20
37;7;10
38;0;10
38;1;10
38;2;10
38;3;10
38;4;10
38;5;10
38;6;10
38;7;10
39;0;10
39;1;10
39;2;10
39;3;10
39;4;10
39;5;10
39;6;10
39;7;10
40;0;10
40;1;20
40;2;30
40;3;40
40;4;50
40;5;60
40;6;70
40;7;80
41;0;10
41;1;20
41;2;30
41;3;40
41;4;50
41;5;60
41;6;70
41;7;80
42;0;80
42;1;70
42;2;60
42;3;50
42;4;40
42;5;30
42;6;20
42;7;10
43;0;80
43;1;70
43;2;60
43;3;50
43;4;40
43;5;30
43;6;20
43;7;10
44;0;10
44;1;20
44;2;30
44;3;40
44;4;50
44;5;60
44;6;70
44;7;80
45;0;80
45;1;70
45;2;60
45;3;50
45;4;40
45;5;30
45;6;20
45;7;10
46;0;10
46;1;10
46;2;10
46;3;10
46;4;10
46;5;10
46;6;10
46;7;10
47;0;80
47;1;70
47;2;60
47;3;50
47;4;40
47;5;30
47;6;20
47;7;10
48;0;10
48;1;20
48;2;30
48;3;40
48;4;50
48;5;60
48;6;70
48;7;80
49;0;10
49;1;10
49;2;10
49;3;10
49;4;10
49;5;10
49;6;10
49;7;10
50;0;10
50;1;20
50;2;30
50;3;40
50;4;50
50;5;60
50;6;70
50;7;80
51;0;80
51;1;70
51;2;60
51;3;50
51;4;40
51;5;30
51;6;20
51;7;10
52;0;80
52;1;70
52;2;60
52;3;50
52;4;40
52;5;30
52;6;20
52;7;10
53;0;10
53;1;20
53;2;30
53;3;40
53;4;50
53;5;60
53;6;70
53;7;80
54;0;80
54;1;70
54;2;60
54;3;50
54;4;40
54;5;30
54;6;20
54;7;10
55;0;10
55;1;10
55;2;10
55;3;10
55;4;10
55;5;10
55;6;10
55;7;10
56;0;10
56;1;20
56;2;30
56;3;40
56;4;50
56;5;60
56;6;70
56;7;80
57;0;10
57;1;10
57;2;10
57;3;10
57;4;10
57;5;10
57;6;10
57;7;10
58;0;10
58;1;10
58;2;10
58;3;10
58;4;10
58;5;10
58;6;10
58;7;10
59;0;10
59;1;10
59;2;10
59;3;10
59;4;10
59;5;10
59;6;10
59;7;10
60;0;10
60;1;10
60;2;10
60;3;10
60;4;10
60;5;10
60;6;10
60;7;10
61;0;80
61;1;70
61;2;60
61;3;50
61;4;40
61;5;30
61;6;20
61;7;10
62;0;80
62;1;70
62;2;60
62;3;50
62;4;40
62;5;30
62;6;20
62;7;10
63;0;10
63;1;10
63;2;10
63;3;10
63;4;10
63;5;10
63;6;10
63;7;10
64;0;10
64;1;20
64;2;30
64;3;40
64;4;50
64;5;60
64;6;70
64;7;80
65;0;80
65;1;70
65;2;60
65;3;50
65;4;40
65;5;30
65;6;20
65;7;10
66;0;80
66;1;70
66;2;60
66;3;50
66;4;40
66;5;30
66;6;20
66;7;10
67;0;80
67;1;70
67;2;60
67;3;50
67;4;40
67;5;30
67;6;20
67;7;10
68;0;80
68;1;70
68;2;60
68;3;50
68;4;40
68;5;30
68;6;20
68;7;10
69;0;10
69;1;20
69;2;30
69;3;40
69;4;50
69;5;60
69;6;70
69;7;80
70;0;10
70;1;10
70;2;10
70;3;10
70;4;10
70;5;10
70;6;10
70;7;10
71;0;10
71;1;10
71;2;10
71;3;10
71;4;10
71;5;10
71;6;10
71;7;10
72;0;80
72;1;70
72;2;60
72;3;50
72;4;40
72;5;30
72;6;20
72;7;10
73;0;10
73;1;10
73;2;10
73;3;10
73;4;10
73;5;10
73;6;10
73;7;10
74;0;10
74;1;20
74;2;30
74;3;40
74;4;50
74;5;60
74;6;70
74;7;80
75;0;10
75;1;10
75;2;10
75;3;10
75;4;10
75;5;10
75;6;10
75;7;10
76;0;80
76;1;70
76;2;60
76;3;50
76;4;40
76;5;30
76;6;20
76;7;10
77;0;10
77;1;20
77;2;30
77;3;40
77;4;50
77;5;60
77;6;70
77;7;80
78;0;10
78;1;10
78;2;10
78;3;10
78;4;10
78;5;10
78;6;10
78;7;10
79;0;10
79;1;20
79;2;30
79;3;40
79;4;50
79;5;60
79;6;70
79;7;80
80;0;10
80;1;10
80;2;10
80;3;10
80;4;10
80;5;10
80;6;10
80;7;10
81;0;10
81;1;10
81;2;10
81;3;10
81;4;10
81;5;10
81;6;10
81;7;10
82;0;10
82;1;10
82;2;10
82;3;10
82;4;10
82;5;10
82;6;10
82;7;10
83;0;10
83;1;10
83;2;10
83;3;10
83;4;10
83;5;10
83;6;10
83;7;10
84;0;10
84;1;10
84;2;10
84;3;10
84;4;10
84;5;10
84;6;10
84;7;10
85;0;80
85;1;70
85;2;60
85;3;50
85;4;40
85;5;30
85;6;20
85;7;10
86;0;80
86;1;70
86;2;60
86;3;50
86;4;40
86;5;30
86;6;20
86;7;10
87;0;10
87;1;20
87;2;30
87;3;40
87;4;50
87;5;60
87;6;70
87;7;80
88;0;10
88;1;20
88;2;30
88;3;40
88;4;50
88;5;60
88;6;70
88;7;80
89;0;10
89;1;10
89;2;10
89;3;10
89;4;10
89;5;10
89;6;10
89;7;10
90;0;80
90;1;70
90;2;60
90;3;50
90;4;40
90;5;30
90;6;20
90;7;10
91;0;80
91;1;70
91;2;60
91;3;50
91;4;40
91;5;30
91;6;20
91;7;10
92;0;10
92;1;20
92;2;30
92;3;40
92;4;50
92;5;60
92;6;70
92;7;80
93;0;10
93;1;10
93;2;10
93;3;10
93;4;10
93;5;10
93;6;10
93;7;10
94;0;10
94;1;10
94;2;10
94;3;10
94;4;10
94;5;10
94;6;10
94;7;10
95;0;80
95;1;70
95;2;60
95;3;50
95;4;40
95;5;30
95;6;20
95;7;10
96;0;10
96;1;20
96;2;30
96;3;40
96;4;50
96;5;60
96;6;70
96;7;80
97;0;80
97;1;70
97;2;60
97;3;50
97;4;40
97;5;30
97;6;20
97;7;10
98;0;10
98;1;20
98;2;30
98;3;40
98;4;50
98;5;60
98;6;70
98;7;80
99;0;10
99;1;20
99;2;30
99;3;40
99;4;50
99;5;60
99;6;70
99;7;80
100;0;10
100;1;10
100;2;10
100;3;10
100;4;10
100;5;10
100;6;10
100;7;10
101;0;80
101;1;70
101;2;60
101;3;50
101;4;40
101;5;30
101;6;20
101;7;10
102;0;80
102;1;70
102;2;60
102;3;50
102;4;40
102;5;30
102;6;20
102;7;10
103;0;10
103;1;10
103;2;10
103;3;10
103;4;10
103;5;10
103;6;10
103;7;10
104;0;10
104;1;10
104;2;10
104;3;10
104;4;10
104;5;10
104;6;10
104;7;10
105;0;80
105;1;70
105;2;60
105;3;50
105;4;40
105;5;30
105;6;20
105;7;10
106;0;80
106;1;70
106;2;60
106;3;50
106;4;40
106;5;30
106;6;20
106;7;10
107;0;80
107;1;70
107;2;60
107;3;50
107;4;40
107;5;30
107;6;20
107;7;10
108;0;80
108;1;70
108;2;60
108;3;50
108;4;40
108;5;30
108;6;20
108;7;10
109;0;10
109;1;10
109;2;10
109;3;10
109;4;10
109;5;10
109;6;10
109;7;10
110;0;80
110;1;70
110;2;60
110;3;50
110;4;40
110;5;30
110;6;20
110;7;10
111;0;80
111;1;70
111;2;60
111;3;50
111;4;40
111;5;30
111;6;20
111;7;10
112;0;10
112;1;10
112;2;10
112;3;10
112;4;10
112;5;10
112;6;10
112;7;10
113;0;10
113;1;10
113;2;10
113;3;10
113;4;10
113;5;10
113;6;10
113;7;10
114;0;10
114;1;10
114;2;10
114;3;10
114;4;10
114;5;10
114;6;10
114;7;10
115;0;80
115;1;70
115;2;60
115;3;50
115;4;40
115;5;30
115;6;20
115;7;10
116;0;10
116;1;10
116;2;10
116;3;10
116;4;10
116;5;10
116;6;10
116;7;10
117;0;10
117;1;10
117;2;10
117;3;10
117;4;10
117;5;10
117;6;10
117;7;10
118;0;10
118;1;10
118;2;10
118;3;10
118;4;10
118;5;10
118;6;10
118;7;10
119;0;80
119;1;70
119;2;60
119;3;50
119;4;40
119;5;30
119;6;20
119;7;10
120;0;10
120;1;20
120;2;30
120;3;40
120;4;50
120;5;60
120;6;70
120;7;80
121;0;80
121;1;70
121;2;60
121;3;50
121;4;40
121;5;30
121;6;20
121;7;10
122;0;80
122;1;70
122;2;60
122;3;50
122;4;40
122;5;30
122;6;20
122;7;10
123;0;10
123;1;10
123;2;10
123;3;10
123;4;10
123;5;10
123;6;10
123;7;10
124;0;80
124;1;70
124;2;60
124;3;50
124;4;40
124;5;30
124;6;20
124;7;10
125;0;10
125;1;10
125;2;10
125;3;10
125;4;10
125;5;10
125;6;10
125;7;10
126;0;10
126;1;20
126;2;30
126;3;40
126;4;50
126;5;60
126;6;70
126;7;80
127;0;10
127;1;20
127;2;30
127;3;40
127;4;50
127;5;60
127;6;70
127;7;80
128;0;10
128;1;20
128;2;30
128;3;40
128;4;50
128;5;60
128;6;70
128;7;80
129;0;80
129;1;70
129;2;60
129;3;50
129;4;40
129;5;30
129;6;20
129;7;10
130;0;10
130;1;20
130;2;30
130;3;40
130;4;50
130;5;60
130;6;70
130;7;80
131;0;10
131;1;10
131;2;10
131;3;10
131;4;10
131;5;10
131;6;10
131;7;10
132;0;80
132;1;70
132;2;60
132;3;50
132;4;40
132;5;30
132;6;20
132;7;10
133;0;80
133;1;70
133;2;60
133;3;50
133;4;40
133;5;30
133;6;20
133;7;10
134;0;10
134;1;20
134;2;30
134;3;40
134;4;50
134;5;60
134;6;70
134;7;80
135;0;10
135;1;20
135;2;30
135;3;40
135;4;50
135;5;60
135;6;70
135;7;80
136;0;80
136;1;70
136;2;60
136;3;50
136;4;40
136;5;30
136;6;20
136;7;10
137;0;10
137;1;20
137;2;30
137;3;40
137;4;50
137;5;60
137;6;70
137;7;80
138;0;80
138;1;70
138;2;60
138;3;50
138;4;40
138;5;30
138;6;20
138;7;10
139;0;10
139;1;10
139;2;10
139;3;10
139;4;10
139;5;10
139;6;10
139;7;10
140;0;80
140;1;70
140;2;60
140;3;50
140;4;40
140;5;30
140;6;20
140;7;10
141;0;10
141;1;20
141;2;30
141;3;40
141;4;50
141;5;60
141;6;70
141;7;80
142;0;10
142;1;10
142;2;10
142;3;10
142;4;10
142;5;10
142;6;10
142;7;10
143;0;80
143;1;70
143;2;60
143;3;50
143;4;40
143;5;30
143;6;20
143;7;10
144;0;10
144;1;10
144;2;10
144;3;10
144;4;10
144;5;10
144;6;10
144;7;10
145;0;80
145;1;70
145;2;60
145;3;50
145;4;40
145;5;30
145;6;20
145;7;10
146;0;10
146;1;10
146;2;10
146;3;10
146;4;10
146;5;10
146;6;10
146;7;10
147;0;80
147;1;70
147;2;60
147;3;50
147;4;40
147;5;30
147;6;20
147;7;10
148;0;80
148;1;70
148;2;60
148;3;50
148;4;40
148;5;30
148;6;20
148;7;10
149;0;10
149;1;20
149;2;30
149;3;40
149;4;50
149;5;60
149;6;70
149;7;80
150;0;80
150;1;70
150;2;60
150;3;50
150;4;40
150;5;30
150;6;20
150;7;10
151;0;80
151;1;70
151;2;60
151;3;50
151;4;40
151;5;30
151;6;20
151;7;10
152;0;80
152;1;70
152;2;60
152;3;50
152;4;40
152;5;30
152;6;20
152;7;10
153;0;80
153;1;70
153;2;60
153;3;50
153;4;40
153;5;30
153;6;20
153;7;10
154;0;10
154;1;20
154;2;30
154;3;40
154;4;50
154;5;60
154;6;70
154;7;80
155;0;10
155;1;10
155;2;10
155;3;10
155;4;10
155;5;10
155;6;10
155;7;10
156;0;10
156;1;20
156;2;30
156;3;40
156;4;50
156;5;60
156;6;70
156;7;80
157;0;80
157;1;70
157;2;60
157;3;50
157;4;40
157;5;30
157;6;20
157;7;10
158;0;10
158;1;10
158;2;10
158;3;10
158;4;10
158;5;10
158;6;10
158;7;10
159;0;10
159;1;10
159;2;10
159;3;10
159;4;10
159;5;10
159;6;10
159;7;10
160;0;80
160;1;70
160;2;60
160;3;50
160;4;40
160;5;30
160;6;20
160;7;10
161;0;10
161;1;10
161;2;10
161;3;10
161;4;10
161;5;10
161;6;10
161;7;10
162;0;10
162;1;10
162;2;10
162;3;10
162;4;10
162;5;10
162;6;10
162;7;10
163;0;10
163;1;20
163;2;30
163;3;40
163;4;50
163;5;60
163;6;70
163;7;80
164;0;10
164;1;20
164;2;30
164;3;40
164;4;50
164;5;60
164;6;70
164;7;80
165;0;10
165;1;20
165;2;30
165;3;40
165;4;50
165;5;60
165;6;70
165;7;80
166;0;10
166;1;20
166;2;30
166;3;40
166;4;50
166;5;60
166;6;70
166;7;80
167;0;10
167;1;10
167;2;10
167;3;10
167;4;10
167;5;10
167;6;10
167;7;10
168;0;10
168;1;10
168;2;10
168;3;10
168;4;10
168;5;10
168;6;10
168;7;10
169;0;10
169;1;20
169;2;30
169;3;40
169;4;50
169;5;60
169;6;70
169;7;80
170;0;10
170;1;20
170;2;30
170;3;40
170;4;50
170;5;60
170;6;70
170;7;80
171;0;10
171;1;10
171;2;10
171;3;10
171;4;10
171;5;10
171;6;10
171;7;10
172;0;10
172;1;10
172;2;10
172;3;10
172;4;10
172;5;10
172;6;10
172;7;10
173;0;10
173;1;10
173;2;10
173;3;10
173;4;10
173;5;10
173;6;10
173;7;10
174;0;10
174;1;20
174;2;30
174;3;40
174;4;50
174;5;60
174;6;70
174;7;80
175;0;10
175;1;10
175;2;10
175;3;10
175;4;10
175;5;10
175;6;10
175;7;10
176;0;80
176;1;70
176;2;60
176;3;50
176;4;40
176;5;30
176;6;20
176;7;10
177;0;10
177;1;10
177;2;10
177;3;10
177;4;10
177;5;10
177;6;10
177;7;10
178;0;80
178;1;70
178;2;60
178;3;50
178;4;40
178;5;30
178;6;20
178;7;10
179;0;10
179;1;20
179;2;30
179;3;40
179;4;50
179;5;60
179;6;70
179;7;80
180;0;80
180;1;70
180;2;60
180;3;50
180;4;40
180;5;30
180;6;20
180;7;10
181;0;10
181;1;10
181;2;10
181;3;10
181;4;10
181;5;10
181;6;10
181;7;10
182;0;10
182;1;10
182;2;10
182;3;10
182;4;10
182;5;10
182;6;10
182;7;10
183;0;80
183;1;70
183;2;60
183;3;50
183;4;40
183;5;30
183;6;20
183;7;10
184;0;10
184;1;20
184;2;30
184;3;40
184;4;50
184;5;60
184;6;70
184;7;80
185;0;10
185;1;10
185;2;10
185;3;10
185;4;10
185;5;10
185;6;10
185;7;10
186;0;10
186;1;10
186;2;10
186;3;10
186;4;10
186;5;10
186;6;10
186;7;10
187;0;10
187;1;10
187;2;10
187;3;10
187;4;10
187;5;10
187;6;10
187;7;10
188;0;10
188;1;20
188;2;30
188;3;40
188;4;50
188;5;60
188;6;70
188;7;80
189;0;10
189;1;20
189;2;30
189;3;40
189;4;50
189;5;60
189;6;70
189;7;80
190;0;10
190;1;10
190;2;10
190;3;10
190;4;10
190;5;10
190;6;10
190;7;10
191;0;10
191;1;10
191;2;10
191;3;10
191;4;10
191;5;10
191;6;10
191;7;10
192;0;10
192;1;20
192;2;30
192;3;40
192;4;50
192;5;60
192;6;70
192;7;80
193;0;80
193;1;70
193;2;60
193;3;50
193;4;40
193;5;30
193;6;20
193;7;10
194;0;10
194;1;10
194;2;10
194;3;10
194;4;10
194;5;10
194;6;10
194;7;10
195;0;80
195;1;70
195;2;60
195;3;50
195;4;40
195;5;30
195;6;20
195;7;10
196;0;10
196;1;20
196;2;30
196;3;40
196;4;50
196;5;60
196;6;70
196;7;80
197;0;10
197;1;10
197;2;10
197;3;10
197;4;10
197;5;10
197;6;10
197;7;10
198;0;10
198;1;10
198;2;10
198;3;10
198;4;10
198;5;10
198;6;10
198;7;10
199;0;10
199;1;20
199;2;30
199;3;40
199;4;50
199;5;60
199;6;70
199;7;80
200;0;80
200;1;70
200;2;60
200;3;50
200;4;40
200;5;30
200;6;20
200;7;10
201;0;10
201;1;20
201;2;30
201;3;40
201;4;50
201;5;60
201;6;70
201;7;80
202;0;10
202;1;10
202;2;10
202;3;10
202;4;10
202;5;10
202;6;10
202;7;10
203;0;80
203;1;70
203;2;60
203;3;50
203;4;40
203;5;30
203;6;20
203;7;10
204;0;10
204;1;10
204;2;10
204;3;10
204;4;10
204;5;10
204;6;10
204;7;10
205;0;10
205;1;10
205;2;10
205;3;10
205;4;10
205;5;10
205;6;10
205;7;10
206;0;10
206;1;20
206;2;30
206;3;40
206;4;50
206;5;60
206;6;70
206;7;80
207;0;80
207;1;70
207;2;60
207;3;50
207;4;40
207;5;30
207;6;20
207;7;10
208;0;10
208;1;10
208;2;10
208;3;10
208;4;10
208;5;10
208;6;10
208;7;10
209;0;80
209;1;70
209;2;60
209;3;50
209;4;40
209;5;30
209;6;20
209;7;10
210;0;80
210;1;70
210;2;60
210;3;50
210;4;40
210;5;30
210;6;20
210;7;10
211;0;80
211;1;70
211;2;60
211;3;50
211;4;40
211;5;30
211;6;20
211;7;10
212;0;80
212;1;70
212;2;60
212;3;50
212;4;40
212;5;30
212;6;20
212;7;10
213;0;10
213;1;20
213;2;30
213;3;40
213;4;50
213;5;60
213;6;70
213;7;80
214;0;10
214;1;10
214;2;10
214;3;10
214;4;10
214;5;10
214;6;10
214;7;10
215;0;80
215;1;70
215;2;60
215;3;50
215;4;40
215;5;30
215;6;20
215;7;10
216;0;10
216;1;10
216;2;10
216;3;10
216;4;10
216;5;10
216;6;10
216;7;10
217;0;80
217;1;70
217;2;60
217;3;50
217;4;40
217;5;30
217;6;20
217;7;10
218;0;10
218;1;20
218;2;30
218;3;40
218;4;50
218;5;60
218;6;70
218;7;80
219;0;10
219;1;20
219;2;30
219;3;40
219;4;50
219;5;60
219;6;70
219;7;80
220;0;80
220;1;70
220;2;60
220;3;50
220;4;40
220;5;30
220;6;20
220;7;10
221;0;10
221;1;20
221;2;30
221;3;40
221;4;50
221;5;60
221;6;70
221;7;80
222;0;10
222;1;20
222;2;30
222;3;40
222;4;50
222;5;60
222;6;70
222;7;80
223;0;80
223;1;70
223;2;60
223;3;50
223;4;40
223;5;30
223;6;20
223;7;10
224;0;10
224;1;20
224;2;30
224;3;40
224;4;50
224;5;60
224;6;70
224;7;80
225;0;80
225;1;70
225;2;60
225;3;50
225;4;40
225;5;30
225;6;20
225;7;10
226;0;10
226;1;20
226;2;30
226;3;40
226;4;50
226;5;60
226;6;70
226;7;80
227;0;10
227;1;20
227;2;30
227;3;40
227;4;50
227;5;60
227;6;70
227;7;80
228;0;80
228;1;70
228;2;60
228;3;50
228;4;40
228;5;30
228;6;20
228;7;10
229;0;10
229;1;20
229;2;30
229;3;40
229;4;50
229;5;60
229;6;70
229;7;80
230;0;10
230;1;20
230;2;30
230;3;40
230;4;50
230;5;60
230;6;70
230;7;80
231;0;80
231;1;70
231;2;60
231;3;50
231;4;40
231;5;30
231;6;20
231;7;10
232;0;10
232;1;10
232;2;10
232;3;10
232;4;10
232;5;10
232;6;10
232;7;10
233;0;80
233;1;70
233;2;60
233;3;50
233;4;40
233;5;30
233;6;20
233;7;10
234;0;10
234;1;10
234;2;10
234;3;10
234;4;10
234;5;10
234;6;10
234;7;10
235;0;80
235;1;70
235;2;60
235;3;50
235;4;40
235;5;30
235;6;20
235;7;10
236;0;80
236;1;70
236;2;60
236;3;50
236;4;40
236;5;30
236;6;20
236;7;10
237;0;10
237;1;10
237;2;10
237;3;10
237;4;10
237;5;10
237;6;10
237;7;10
238;0;80
238;1;70
238;2;60
238;3;50
238;4;40
238;5;30
238;6;20
238;7;10
239;0;10
239;1;20
239;2;30
239;3;40
239;4;50
239;5;60
239;6;70
239;7;80
240;0;80
240;1;70
240;2;60
240;3;50
240;4;40
240;5;30
240;6;20
240;7;10
241;0;80
241;1;70
241;2;60
241;3;50
241;4;40
241;5;30
241;6;20
241;7;10
242;0;10
242;1;10
242;2;10
242;3;10
242;4;10
242;5;10
242;6;10
242;7;10
243;0;10
243;1;20
243;2;30
243;3;40
243;4;50
243;5;60
243;6;70
243;7;80
244;0;80
244;1;70
244;2;60
244;3;50
244;4;40
244;5;30
244;6;20
244;7;10
245;0;10
245;1;10
245;2;10
245;3;10
245;4;10
245;5;10
245;6;10
245;7;10
246;0;10
246;1;20
246;2;30
246;3;40
246;4;50
246;5;60
246;6;70
246;7;80
247;0;80
247;1;70
247;2;60
247;3;50
247;4;40
247;5;30
247;6;20
247;7;10
248;0;10
248;1;10
248;2;10
248;3;10
248;4;10
248;5;10
248;6;10
248;7;10
249;0;10
249;1;10
249;2;10
249;3;10
249;4;10
249;5;10
249;6;10
249;7;10
250;0;10
250;1;10
250;2;10
250;3;10
250;4;10
250;5;10
250;6;10
250;7;10
251;0;10
251;1;10
251;2;10
251;3;10
251;4;10
251;5;10
251;6;10
251;7;10
252;0;10
252;1;10
252;2;10
252;3;10
252;4;10
252;5;10
252;6;10
252;7;10
253;0;80
253;1;70
253;2;60
253;3;50
253;4;40
253;5;30
253;6;20
253;7;10
254;0;80
254;1;70
254;2;60
254;3;50
254;4;40
254;5;30
254;6;20
254;7;10
255;0;80
255;1;70
255;2;60
255;3;50
255;4;40
255;5;30
255;6;20
255;7;10
256;0;10
256;1;10
256;2;10
256;3;10
256;4;10
256;5;10
256;6;10
256;7;10
257;0;80
257;1;70
257;2;60
257;3;50
257;4;40
257;5;30
257;6;20
257;7;10
258;0;10
258;1;10
258;2;10
258;3;10
258;4;10
258;5;10
258;6;10
258;7;10
259;0;80
259;1;70
259;2;60
259;3;50
259;4;40
259;5;30
259;6;20
259;7;10
260;0;80
260;1;70
260;2;60
260;3;50
260;4;40
260;5;30
260;6;20
260;7;10
261;0;80
261;1;70
261;2;60
261;3;50
261;4;40
261;5;30
261;6;20
261;7;10
262;0;10
262;1;10
262;2;10
262;3;10
262;4;10
262;5;10
262;6;10
262;7;10
263;0;80
263;1;70
263;2;60
263;3;50
263;4;40
263;5;30
263;6;20
263;7;10
264;0;10
264;1;20
264;2;30
264;3;40
264;4;50
264;5;60
264;6;70
264;7;80
265;0;10
265;1;20
265;2;30
265;3;40
265;4;50
265;5;60
265;6;70
265;7;80
266;0;10
266;1;20
266;2;30
266;3;40
266;4;50
266;5;60
266;6;70
266;7;80
267;0;80
267;1;70
267;2;60
267;3;50
267;4;40
267;5;30
267;6;20
267;7;10
268;0;80
268;1;70
268;2;60
268;3;50
268;4;40
268;5;30
268;6;20
268;7;10
269;0;10
269;1;20
269;2;30
269;3;40
269;4;50
269;5;60
269;6;70
269;7;80
270;0;80
270;1;70
270;2;60
270;3;50
270;4;40
270;5;30
270;6;20
270;7;10
271;0;10
271;1;20
271;2;30
271;3;40
271;4;50
271;5;60
271;6;70
271;7;80
272;0;10
272;1;10
272;2;10
272;3;10
272;4;10
272;5;10
272;6;10
272;7;10
273;0;10
273;1;10
273;2;10
273;3;10
273;4;10
273;5;10
273;6;10
273;7;10
274;0;10
274;1;10
274;2;10
274;3;10
274;4;10
274;5;10
274;6;10
274;7;10
275;0;10
275;1;10
275;2;10
275;3;10
275;4;10
275;5;10
275;6;10
275;7;10
276;0;10
276;1;20
276;2;30
276;3;40
276;4;50
276;5;60
276;6;70
276;7;80
277;0;10
277;1;20
277;2;30
277;3;40
277;4;50
277;5;60
277;6;70
277;7;80
278;0;10
278;1;10
278;2;10
278;3;10
278;4;10
278;5;10
278;6;10
278;7;10
279;0;80
279;1;70
279;2;60
279;3;50
279;4;40
279;5;30
279;6;20
279;7;10
280;0;10
280;1;20
280;2;30
280;3;40
280;4;50
280;5;60
280;6;70
280;7;80
281;0;10
281;1;10
281;2;10
281;3;10
281;4;10
281;5;10
281;6;10
281;7;10
282;0;10
282;1;10
282;2;10
282;3;10
282;4;10
282;5;10
282;6;10
282;7;10
283;0;10
283;1;10
283;2;10
283;3;10
283;4;10
283;5;10
283;6;10
283;7;10
284;0;10
284;1;10
284;2;10
284;3;10
284;4;10
284;5;10
284;6;10
284;7;10
285;0;10
285;1;20
285;2;30
285;3;40
285;4;50
285;5;60
285;6;70
285;7;80
286;0;10
286;1;20
286;2;30
286;3;40
286;4;50
286;5;60
286;6;70
286;7;80
287;0;10
287;1;10
287;2;10
287;3;10
287;4;10
287;5;10
287;6;10
287;7;10
288;0;10
288;1;10
288;2;10
288;3;10
288;4;10
288;5;10
288;6;10
288;7;10
289;0;10
289;1;10
289;2;10
289;3;10
289;4;10
289;5;10
289;6;10
289;7;10
290;0;10
290;1;20
290;2;30
290;3;40
290;4;50
290;5;60
290;6;70
290;7;80
291;0;10
291;1;20
291;2;30
291;3;40
291;4;50
291;5;60
291;6;70
291;7;80
292;0;80
292;1;70
292;2;60
292;3;50
292;4;40
292;5;30
292;6;20
292;7;10
293;0;10
293;1;20
293;2;30
293;3;40
293;4;50
293;5;60
293;6;70
293;7;80
294;0;10
294;1;20
294;2;30
294;3;40
294;4;50
294;5;60
294;6;70
294;7;80
295;0;10
295;1;10
295;2;10
295;3;10
295;4;10
295;5;10
295;6;10
295;7;10
296;0;10
296;1;20
296;2;30
296;3;40
296;4;50
296;5;60
296;6;70
296;7;80
297;0;80
297;1;70
297;2;60
297;3;50
297;4;40
297;5;30
297;6;20
297;7;10
298;0;80
298;1;70
298;2;60
298;3;50
298;4;40
298;5;30
298;6;20
298;7;10
299;0;80
299;1;70
299;2;60
299;3;50
299;4;40
299;5;30
299;6;20
299;7;10
300;0;80
300;1;70
300;2;60
300;3;50
300;4;40
300;5;30
300;6;20
300;7;10
301;0;80
301;1;70
301;2;60
301;3;50
301;4;40
301;5;30
301;6;20
301;7;10
302;0;10
302;1;20
302;2;30
302;3;40
302;4;50
302;5;60
302;6;70
302;7;80
303;0;10
303;1;20
303;2;30
303;3;40
303;4;50
303;5;60
303;6;70
303;7;80
304;0;80
304;1;70
304;2;60
304;3;50
304;4;40
304;5;30
304;6;20
304;7;10
305;0;10
305;1;10
305;2;10
305;3;10
305;4;10
305;5;10
305;6;10
305;7;10
306;0;10
306;1;10
306;2;10
306;3;10
306;4;10
306;5;10
306;6;10
306;7;10
307;0;10
307;1;20
307;2;30
307;3;40
307;4;50
307;5;60
307;6;70
307;7;80
308;0;80
308;1;70
308;2;60
308;3;50
308;4;40
308;5;30
308;6;20
308;7;10
309;0;10
309;1;20
309;2;30
309;3;40
309;4;50
309;5;60
309;6;70
309;7;80
310;0;80
310;1;70
310;2;60
310;3;50
310;4;40
310;5;30
310;6;20
310;7;10
311;0;10
311;1;10
311;2;10
311;3;10
311;4;10
311;5;10
311;6;10
311;7;10
312;0;80
312;1;70
312;2;60
312;3;50
312;4;40
312;5;30
312;6;20
312;7;10
313;0;10
313;1;20
313;2;30
313;3;40
313;4;50
313;5;60
313;6;70
313;7;80
314;0;10
314;1;20
314;2;30
314;3;40
314;4;50
314;5;60
314;6;70
314;7;80
315;0;10
315;1;20
315;2;30
315;3;40
315;4;50
315;5;60
315;6;70
315;7;80
316;0;10
316;1;20
316;2;30
316;3;40
316;4;50
316;5;60
316;6;70
316;7;80
317;0;10
317;1;20
317;2;30
317;3;40
317;4;50
317;5;60
317;6;70
317;7;80
318;0;10
318;1;10
318;2;10
318;3;10
318;4;10
318;5;10
318;6;10
318;7;10
319;0;10
319;1;20
319;2;30
319;3;40
319;4;50
319;5;60
319;6;70
319;7;80
320;0;10
320;1;20
320;2;30
320;3;40
320;4;50
320;5;60
320;6;70
320;7;80
321;0;80
321;1;70
321;2;60
321;3;50
321;4;40
321;5;30
321;6;20
321;7;10
322;0;10
322;1;20
322;2;30
322;3;40
322;4;50
322;5;60
322;6;70
322;7;80
323;0;80
323;1;70
323;2;60
323;3;50
323;4;40
323;5;30
323;6;20
323;7;10
324;0;80
324;1;70
324;2;60
324;3;50
324;4;40
324;5;30
324;6;20
324;7;10
325;0;10
325;1;20
325;2;30
325;3;40
325;4;50
325;5;60
325;6;70
325;7;80
326;0;80
326;1;70
326;2;60
326;3;50
326;4;40
326;5;30
326;6;20
326;7;10
327;0;80
327;1;70
327;2;60
327;3;50
327;4;40
327;5;30
327;6;20
327;7;10
328;0;80
328;1;70
328;2;60
328;3;50
328;4;40
328;5;30
328;6;20
328;7;10
329;0;10
329;1;20
329;2;30
329;3;40
329;4;50
329;5;60
329;6;70
329;7;80
330;0;80
330;1;70
330;2;60
330;3;50
330;4;40
330;5;30
330;6;20
330;7;10
331;0;10
331;1;20
331;2;30
331;3;40
331;4;50
331;5;60
331;6;70
331;7;80
332;0;80
332;1;70
332;2;60
332;3;50
332;4;40
332;5;30
332;6;20
332;7;10
333;0;10
333;1;10
333;2;10
333;3;10
333;4;10
333;5;10
333;6;10
333;7;10
334;0;80
334;1;70
334;2;60
334;3;50
334;4;40
334;5;30
334;6;20
334;7;10
335;0;80
335;1;70
335;2;60
335;3;50
335;4;40
335;5;30
335;6;20
335;7;10
336;0;10
336;1;10
336;2;10
336;3;10
336;4;10
336;5;10
336;6;10
336;7;10
337;0;10
337;1;10
337;2;10
337;3;10
337;4;10
337;5;10
337;6;10
337;7;10
338;0;80
338;1;70
338;2;60
338;3;50
338;4;40
338;5;30
338;6;20
338;7;10
339;0;80
339;1;70
339;2;60
339;3;50
339;4;40
339;5;30
339;6;20
339;7;10
340;0;10
340;1;10
340;2;10
340;3;10
340;4;10
340;5;10
340;6;10
340;7;10
341;0;10
341;1;10
341;2;10
341;3;10
341;4;10
341;5;10
341;6;10
341;7;10
342;0;80
342;1;70
342;2;60
342;3;50
342;4;40
342;5;30
342;6;20
342;7;10
343;0;10
343;1;20
343;2;30
343;3;40
343;4;50
343;5;60
343;6;70
343;7;80
344;0;80
344;1;70
344;2;60
344;3;50
344;4;40
344;5;30
344;6;20
344;7;10
345;0;10
345;1;20
345;2;30
345;3;40
345;4;50
345;5;60
345;6;70
345;7;80
346;0;10
346;1;10
346;2;10
346;3;10
346;4;10
346;5;10
346;6;10
346;7;10
347;0;10
347;1;10
347;2;10
347;3;10
347;4;10
347;5;10
347;6;10
347;7;10
348;0;10
348;1;20
348;2;30
348;3;40
348;4;50
348;5;60
348;6;70
348;7;80
349;0;10
349;1;10
349;2;10
349;3;10
349;4;10
349;5;10
349;6;10
349;7;10
350;0;10
350;1;10
350;2;10
350;3;10
350;4;10
350;5;10
350;6;10
350;7;10
351;0;10
351;1;20
351;2;30
351;3;40
351;4;50
351;5;60
351;6;70
351;7;80
352;0;80
352;1;70
352;2;60
352;3;50
352;4;40
352;5;30
352;6;20
352;7;10
353;0;10
353;1;20
353;2;30
353;3;40
353;4;50
353;5;60
353;6;70
353;7;80
354;0;80
354;1;70
354;2;60
354;3;50
354;4;40
354;5;30
354;6;20
354;7;10
355;0;10
355;1;10
355;2;10
355;3;10
355;4;10
355;5;10
355;6;10
355;7;10
356;0;80
356;1;70
356;2;60
356;3;50
356;4;40
356;5;30
356;6;20
356;7;10
357;0;10
357;1;20
357;2;30
357;3;40
357;4;50
357;5;60
357;6;70
357;7;80
358;0;10
358;1;20
358;2;30
358;3;40
358;4;50
358;5;60
358;6;70
358;7;80
359;0;10
359;1;10
359;2;10
359;3;10
359;4;10
359;5;10
359;6;10
359;7;10
360;0;10
360;1;10
360;2;10
360;3;10
360;4;10
360;5;10
360;6;10
360;7;10
361;0;10
361;1;20
361;2;30
361;3;40
361;4;50
361;5;60
361;6;70
361;7;80
362;0;80
362;1;70
362;2;60
362;3;50
362;4;40
362;5;30
362;6;20
362;7;10
363;0;10
363;1;20
363;2;30
363;3;40
363;4;50
363;5;60
363;6;70
363;7;80
364;0;10
364;1;10
364;2;10
364;3;10
364;4;10
364;5;10
364;6;10
364;7;10
365;0;10
365;1;20
365;2;30
365;3;40
365;4;50
365;5;60
365;6;70
365;7;80
366;0;80
366;1;70
366;2;60
366;3;50
366;4;40
366;5;30
366;6;20
366;7;10
367;0;10
367;1;10
367;2;10
367;3;10
367;4;10
367;5;10
367;6;10
367;7;10
368;0;80
368;1;70
368;2;60
368;3;50
368;4;40
368;5;30
368;6;20
368;7;10
369;0;10
369;1;10
369;2;10
369;3;10
369;4;10
369;5;10
369;6;10
369;7;10
370;0;10
370;1;20
370;2;30
370;3;40
370;4;50
370;5;60
370;6;70
370;7;80
371;0;10
371;1;10
371;2;10
371;3;10
371;4;10
371;5;10
371;6;10
371;7;10
372;0;10
372;1;10
372;2;10
372;3;10
372;4;10
372;5;10
372;6;10
372;7;10
373;0;10
373;1;10
373;2;10
373;3;10
373;4;10
373;5;10
373;6;10
373;7;10
374;0;10
374;1;20
374;2;30
374;3;40
374;4;50
374;5;60
374;6;70
374;7;80
375;0;10
375;1;10
375;2;10
375;3;10
375;4;10
375;5;10
375;6;10
375;7;10
376;0;10
376;1;20
376;2;30
376;3;40
376;4;50
376;5;60
376;6;70
376;7;80
377;0;10
377;1;10
377;2;10
377;3;10
377;4;10
377;5;10
377;6;10
377;7;10
378;0;10
378;1;20
378;2;30
378;3;40
378;4;50
378;5;60
378;6;70
378;7;80
379;0;80
379;1;70
379;2;60
379;3;50
379;4;40
379;5;30
379;6;20
379;7;10
380;0;80
380;1;70
380;2;60
380;3;50
380;4;40
380;5;30
380;6;20
380;7;10
381;0;10
381;1;20
381;2;30
381;3;40
381;4;50
381;5;60
381;6;70
381;7;80
382;0;10
382;1;10
382;2;10
382;3;10
382;4;10
382;5;10
382;6;10
382;7;10
383;0;80
383;1;70
383;2;60
383;3;50
383;4;40
383;5;30
383;6;20
383;7;10
384;0;10
384;1;20
384;2;30
384;3;40
384;4;50
384;5;60
384;6;70
384;7;80
385;0;10
385;1;10
385;2;10
385;3;10
385;4;10
385;5;10
385;6;10
385;7;10
386;0;80
386;1;70
386;2;60
386;3;50
386;4;40
386;5;30
386;6;20
386;7;10
387;0;80
387;1;70
387;2;60
387;3;50
387;4;40
387;5;30
387;6;20
387;7;10
388;0;80
388;1;70
388;2;60
388;3;50
388;4;40
388;5;30
388;6;20
388;7;10
389;0;10
389;1;20
389;2;30
389;3;40
389;4;50
389;5;60
389;6;70
389;7;80
390;0;10
390;1;10
390;2;10
390;3;10
390;4;10
390;5;10
390;6;10
390;7;10
391;0;80
391;1;70
391;2;60
391;3;50
391;4;40
391;5;30
391;6;20
391;7;10
392;0;10
392;1;20
392;2;30
392;3;40
392;4;50
392;5;60
392;6;70
392;7;80
393;0;10
393;1;20
393;2;30
393;3;40
393;4;50
393;5;60
393;6;70
393;7;80
394;0;80
394;1;70
394;2;60
394;3;50
394;4;40
394;5;30
394;6;20
394;7;10
395;0;10
395;1;20
395;2;30
395;3;40
395;4;50
395;5;60
395;6;70
395;7;80
396;0;10
396;1;20
396;2;30
396;3;40
396;4;50
396;5;60
396;6;70
396;7;80
397;0;10
397;1;20
397;2;30
397;3;40
397;4;50
397;5;60
397;6;70
397;7;80
398;0;10
398;1;20
398;2;30
398;3;40
398;4;50
398;5;60
398;6;70
398;7;80
399;0;80
399;1;70
399;2;60
399;3;50
399;4;40
399;5;30
399;6;20
399;7;10
400;0;10
400;1;10
400;2;10
400;3;10
400;4;10
400;5;10
400;6;10
400;7;10
401;0;80
401;1;70
401;2;60
401;3;50
401;4;40
401;5;30
401;6;20
401;7;10
402;0;10
402;1;10
402;2;10
402;3;10
402;4;10
402;5;10
402;6;10
402;7;10
403;0;10
403;1;20
403;2;30
403;3;40
403;4;50
403;5;60
403;6;70
403;7;80
404;0;80
404;1;70
404;2;60
404;3;50
404;4;40
404;5;30
404;6;20
404;7;10
405;0;10
405;1;10
405;2;10
405;3;10
405;4;10
405;5;10
405;6;10
405;7;10
406;0;10
406;1;20
406;2;30
406;3;40
406;4;50
406;5;60
406;6;70
406;7;80
407;0;10
407;1;20
407;2;30
407;3;40
407;4;50
407;5;60
407;6;70
407;7;80
408;0;10
408;1;20
408;2;30
408;3;40
408;4;50
408;5;60
408;6;70
408;7;80
409;0;10
409;1;10
409;2;10
409;3;10
409;4;10
409;5;10
409;6;10
409;7;10
410;0;80
410;1;70
410;2;60
410;3;50
410;4;40
410;5;30
410;6;20
410;7;10
411;0;10
411;1;20
411;2;30
411;3;40
411;4;50
411;5;60
411;6;70
411;7;80
412;0;10
412;1;20
412;2;30
412;3;40
412;4;50
412;5;60
412;6;70
412;7;80
413;0;80
413;1;70
413;2;60
413;3;50
413;4;40
413;5;30
413;6;20
413;7;10
414;0;80
414;1;70
414;2;60
414;3;50
414;4;40
414;5;30
414;6;20
414;7;10
415;0;10
415;1;10
415;2;10
415;3;10
415;4;10
415;5;10
415;6;10
415;7;10
416;0;10
416;1;10
416;2;10
416;3;10
416;4;10
416;5;10
416;6;10
416;7;10
417;0;10
417;1;20
417;2;30
417;3;40
417;4;50
417;5;60
417;6;70
417;7;80
418;0;10
418;1;20
418;2;30
418;3;40
418;4;50
418;5;60
418;6;70
418;7;80
419;0;10
419;1;10
419;2;10
419;3;10
419;4;10
419;5;10
419;6;10
419;7;10
420;0;10
420;1;20
420;2;30
420;3;40
420;4;50
420;5;60
420;6;70
420;7;80
421;0;80
421;1;70
421;2;60
421;3;50
421;4;40
421;5;30
421;6;20
421;7;10
422;0;10
422;1;10
422;2;10
422;3;10
422;4;10
422;5;10
422;6;10
422;7;10
423;0;80
423;1;70
423;2;60
423;3;50
423;4;40
423;5;30
423;6;20
423;7;10
424;0;10
424;1;10
424;2;10
424;3;10
424;4;10
424;5;10
424;6;10
424;7;10
425;0;80
425;1;70
425;2;60
425;3;50
425;4;40
425;5;30
425;6;20
425;7;10
426;0;80
426;1;70
426;2;60
426;3;50
426;4;40
426;5;30
426;6;20
426;7;10
427;0;10
427;1;20
427;2;30
427;3;40
427;4;50
427;5;60
427;6;70
427;7;80
428;0;10
428;1;20
428;2;30
428;3;40
428;4;50
428;5;60
428;6;70
428;7;80
429;0;10
429;1;10
429;2;10
429;3;10
429;4;10
429;5;10
429;6;10
429;7;10
430;0;10
430;1;10
430;2;10
430;3;10
430;4;10
430;5;10
430;6;10
430;7;10
431;0;10
431;1;10
431;2;10
431;3;10
431;4;10
431;5;10
431;6;10
431;7;10
432;0;10
432;1;20
432;2;30
432;3;40
432;4;50
432;5;60
432;6;70
432;7;80
433;0;80
433;1;70
433;2;60
433;3;50
433;4;40
433;5;30
433;6;20
433;7;10
434;0;10
434;1;20
434;2;30
434;3;40
434;4;50
434;5;60
434;6;70
434;7;80
435;0;10
435;1;10
435;2;10
435;3;10
435;4;10
435;5;10
435;6;10
435;7;10
436;0;80
436;1;70
436;2;60
436;3;50
436;4;40
436;5;30
436;6;20
436;7;10
437;0;10
437;1;20
437;2;30
437;3;40
437;4;50
437;5;60
437;6;70
437;7;80
438;0;10
438;1;10
438;2;10
438;3;10
438;4;10
438;5;10
438;6;10
438;7;10
439;0;10
439;1;10
439;2;10
439;3;10
439;4;10
439;5;10
439;6;10
439;7;10
440;0;10
440;1;10
440;2;10
440;3;10
440;4;10
440;5;10
440;6;10
440;7;10
441;0;80
441;1;70
441;2;60
441;3;50
441;4;40
441;5;30
441;6;20
441;7;10
442;0;10
442;1;20
442;2;30
442;3;40
442;4;50
442;5;60
442;6;70
442;7;80
443;0;10
443;1;10
443;2;10
443;3;10
443;4;10
443;5;10
443;6;10
443;7;10
444;0;10
444;1;20
444;2;30
444;3;40
444;4;50
444;5;60
444;6;70
444;7;80
445;0;10
445;1;20
445;2;30
445;3;40
445;4;50
445;5;60
445;6;70
445;7;80
446;0;80
446;1;70
446;2;60
446;3;50
446;4;40
446;5;30
446;6;20
446;7;10
447;0;10
447;1;10
447;2;10
447;3;10
447;4;10
447;5;10
447;6;10
447;7;10
448;0;80
448;1;70
448;2;60
448;3;50
448;4;40
448;5;30
448;6;20
448;7;10
449;0;80
449;1;70
449;2;60
449;3;50
449;4;40
449;5;30
449;6;20
449;7;10
450;0;80
450;1;70
450;2;60
450;3;50
450;4;40
450;5;30
450;6;20
450;7;10
451;0;10
451;1;20
451;2;30
451;3;40
451;4;50
451;5;60
451;6;70
451;7;80
452;0;80
452;1;70
452;2;60
452;3;50
452;4;40
452;5;30
452;6;20
452;7;10
453;0;80
453;1;70
453;2;60
453;3;50
453;4;40
453;5;30
453;6;20
453;7;10
454;0;10
454;1;10
454;2;10
454;3;10
454;4;10
454;5;10
454;6;10
454;7;10
455;0;10
455;1;20
455;2;30
455;3;40
455;4;50
455;5;60
455;6;70
455;7;80
456;0;10
456;1;20
456;2;30
456;3;40
456;4;50
456;5;60
456;6;70
456;7;80
457;0;80
457;1;70
457;2;60
457;3;50
457;4;40
457;5;30
457;6;20
457;7;10
458;0;10
458;1;10
458;2;10
458;3;10
458;4;10
458;5;10
458;6;10
458;7;10
459;0;10
459;1;10
459;2;10
459;3;10
459;4;10
459;5;10
459;6;10
459;7;10
460;0;10
460;1;20
460;2;30
460;3;40
460;4;50
460;5;60
460;6;70
460;7;80
461;0;10
461;1;20
461;2;30
461;3;40
461;4;50
461;5;60
461;6;70
461;7;80
462;0;10
462;1;20
462;2;30
462;3;40
462;4;50
462;5;60
462;6;70
462;7;80
463;0;10
463;1;20
463;2;30
463;3;40
463;4;50
463;5;60
463;6;70
463;7;80
464;0;10
464;1;10
464;2;10
464;3;10
464;4;10
464;5;10
464;6;10
464;7;10
465;0;10
465;1;10
465;2;10
465;3;10
465;4;10
465;5;10
465;6;10
465;7;10
466;0;80
466;1;70
466;2;60
466;3;50
466;4;40
466;5;30
466;6;20
466;7;10
467;0;10
467;1;20
467;2;30
467;3;40
467;4;50
467;5;60
467;6;70
467;7;80
468;0;80
468;1;70
468;2;60
468;3;50
468;4;40
468;5;30
468;6;20
468;7;10
469;0;10
469;1;10
469;2;10
469;3;10
469;4;10
469;5;10
469;6;10
469;7;10
470;0;80
470;1;70
470;2;60
470;3;50
470;4;40
470;5;30
470;6;20
470;7;10
471;0;10
471;1;20
471;2;30
471;3;40
471;4;50
471;5;60
471;6;70
471;7;80
472;0;80
472;1;70
472;2;60
472;3;50
472;4;40
472;5;30
472;6;20
472;7;10
473;0;10
473;1;20
473;2;30
473;3;40
473;4;50
473;5;60
473;6;70
473;7;80
474;0;10
474;1;10
474;2;10
474;3;10
474;4;10
474;5;10
474;6;10
474;7;10
475;0;10
475;1;20
475;2;30
475;3;40
475;4;50
475;5;60
475;6;70
475;7;80
476;0;80
476;1;70
476;2;60
476;3;50
476;4;40
476;5;30
476;6;20
476;7;10
477;0;80
477;1;70
477;2;60
477;3;50
477;4;40
477;5;30
477;6;20
477;7;10
478;0;10
478;1;10
478;2;10
478;3;10
478;4;10
478;5;10
478;6;10
478;7;10
479;0;10
479;1;20
479;2;30
479;3;40
479;4;50
479;5;60
479;6;70
479;7;80
480;0;10
480;1;20
480;2;30
480;3;40
480;4;50
480;5;60
480;6;70
480;7;80
481;0;10
481;1;20
481;2;30
481;3;40
481;4;50
481;5;60
481;6;70
481;7;80
482;0;10
482;1;10
482;2;10
482;3;10
482;4;10
482;5;10
482;6;10
482;7;10
483;0;10
483;1;20
483;2;30
483;3;40
483;4;50
483;5;60
483;6;70
483;7;80
484;0;80
484;1;70
484;2;60
484;3;50
484;4;40
484;5;30
484;6;20
484;7;10
485;0;10
485;1;20
485;2;30
485;3;40
485;4;50
485;5;60
485;6;70
485;7;80
486;0;10
486;1;10
486;2;10
486;3;10
486;4;10
486;5;10
486;6;10
486;7;10
487;0;10
487;1;10
487;2;10
487;3;10
487;4;10
487;5;10
487;6;10
487;7;10
488;0;10
488;1;20
488;2;30
488;3;40
488;4;50
488;5;60
488;6;70
488;7;80
489;0;80
489;1;70
489;2;60
489;3;50
489;4;40
489;5;30
489;6;20
489;7;10
490;0;80
490;1;70
490;2;60
490;3;50
490;4;40
490;5;30
490;6;20
490;7;10
491;0;10
491;1;10
491;2;10
491;3;10
491;4;10
491;5;10
491;6;10
491;7;10
492;0;10
492;1;10
492;2;10
492;3;10
492;4;10
492;5;10
492;6;10
492;7;10
493;0;10
493;1;10
493;2;10
493;3;10
493;4;10
493;5;10
493;6;10
493;7;10
494;0;10
494;1;10
494;2;10
494;3;10
494;4;10
494;5;10
494;6;10
494;7;10
495;0;80
495;1;70
495;2;60
495;3;50
495;4;40
495;5;30
495;6;20
495;7;10
496;0;10
496;1;10
496;2;10
496;3;10
496;4;10
496;5;10
496;6;10
496;7;10
497;0;80
497;1;70
497;2;60
497;3;50
497;4;40
497;5;30
497;6;20
497;7;10
498;0;10
498;1;20
498;2;30
498;3;40
498;4;50
498;5;60
498;6;70
498;7;80
499;0;80
499;1;70
499;2;60
499;3;50
499;4;40
499;5;30
499;6;20
499;7;10
500;0;10
500;1;20
500;2;30
500;3;40
500;4;50
500;5;60
500;6;70
500;7;80
501;0;10
501;1;20
501;2;30
501;3;40
501;4;50
501;5;60
501;6;70
501;7;80
502;0;10
502;1;20
502;2;30
502;3;40
502;4;50
502;5;60
502;6;70
502;7;80
503;0;10
503;1;20
503;2;30
503;3;40
503;4;50
503;5;60
503;6;70
503;7;80
504;0;80
504;1;70
504;2;60
504;3;50
504;4;40
504;5;30
504;6;20
504;7;10
505;0;80
505;1;70
505;2;60
505;3;50
505;4;40
505;5;30
505;6;20
505;7;10
506;0;80
506;1;70
506;2;60
506;3;50
506;4;40
506;5;30
506;6;20
506;7;10
507;0;10
507;1;10
507;2;10
507;3;10
507;4;10
507;5;10
507;6;10
507;7;10
508;0;10
508;1;20
508;2;30
508;3;40
508;4;50
508;5;60
508;6;70
508;7;80
509;0;80
509;1;70
509;2;60
509;3;50
509;4;40
509;5;30
509;6;20
509;7;10
510;0;10
510;1;20
510;2;30
510;3;40
510;4;50
510;5;60
510;6;70
510;7;80
511;0;10
511;1;10
511;2;10
511;3;10
511;4;10
511;5;10
511;6;10
511;7;10
512;0;10
512;1;20
512;2;30
512;3;40
512;4;50
512;5;60
512;6;70
512;7;80
513;0;80
513;1;70
513;2;60
513;3;50
513;4;40
513;5;30
513;6;20
513;7;10
514;0;80
514;1;70
514;2;60
514;3;50
514;4;40
514;5;30
514;6;20
514;7;10
515;0;80
515;1;70
515;2;60
515;3;50
515;4;40
515;5;30
515;6;20
515;7;10
516;0;10
516;1;20
516;2;30
516;3;40
516;4;50
516;5;60
516;6;70
516;7;80
517;0;80
517;1;70
517;2;60
517;3;50
517;4;40
517;5;30
517;6;20
517;7;10
518;0;80
518;1;70
518;2;60
518;3;50
518;4;40
518;5;30
518;6;20
518;7;10
519;0;10
519;1;10
519;2;10
519;3;10
519;4;10
519;5;10
519;6;10
519;7;10
520;0;10
520;1;10
520;2;10
520;3;10
520;4;10
520;5;10
520;6;10
520;7;10
521;0;10
521;1;20
521;2;30
521;3;40
521;4;50
521;5;60
521;6;70
521;7;80
522;0;10
522;1;10
522;2;10
522;3;10
522;4;10
522;5;10
522;6;10
522;7;10
523;0;80
523;1;70
523;2;60
523;3;50
523;4;40
523;5;30
523;6;20
523;7;10
524;0;10
524;1;20
524;2;30
524;3;40
524;4;50
524;5;60
524;6;70
524;7;80
525;0;10
525;1;10
525;2;10
525;3;10
525;4;10
525;5;10
525;6;10
525;7;10
526;0;10
526;1;10
526;2;10
526;3;10
526;4;10
526;5;10
526;6;10
526;7;10
527;0;10
527;1;20
527;2;30
527;3;40
527;4;50
527;5;60
527;6;70
527;7;80
528;0;10
528;1;10
528;2;10
528;3;10
528;4;10
528;5;10
528;6;10
528;7;10
529;0;10
529;1;20
529;2;30
529;3;40
529;4;50
529;5;60
529;6;70
529;7;80
530;0;80
530;1;70
530;2;60
530;3;50
530;4;40
530;5;30
530;6;20
530;7;10
531;0;10
531;1;20
531;2;30
531;3;40
531;4;50
531;5;60
531;6;70
531;7;80
532;0;10
532;1;20
532;2;30
532;3;40
532;4;50
532;5;60
532;6;70
532;7;80
533;0;10
533;1;10
533;2;10
533;3;10
533;4;10
533;5;10
533;6;10
533;7;10
534;0;10
534;1;10
534;2;10
534;3;10
534;4;10
534;5;10
534;6;10
534;7;10
535;0;10
535;1;10
535;2;10
535;3;10
535;4;10
535;5;10
535;6;10
535;7;10
536;0;10
536;1;10
536;2;10
536;3;10
536;4;10
536;5;10
536;6;10
536;7;10
537;0;10
537;1;20
537;2;30
537;3;40
537;4;50
537;5;60
537;6;70
537;7;80
538;0;10
538;1;10
538;2;10
538;3;10
538;4;10
538;5;10
538;6;10
538;7;10
539;0;10
539;1;20
539;2;30
539;3;40
539;4;50
539;5;60
539;6;70
539;7;80
540;0;10
540;1;20
540;2;30
540;3;40
540;4;50
540;5;60
540;6;70
540;7;80
541;0;80
541;1;70
541;2;60
541;3;50
541;4;40
541;5;30
541;6;20
541;7;10
542;0;10
542;1;10
542;2;10
542;3;10
542;4;10
542;5;10
542;6;10
542;7;10
543;0;10
543;1;10
543;2;10
543;3;10
543;4;10
543;5;10
543;6;10
543;7;10
544;0;10
544;1;20
544;2;30
544;3;40
544;4;50
544;5;60
544;6;70
544;7;80
545;0;80
545;1;70
545;2;60
545;3;50
545;4;40
545;5;30
545;6;20
545;7;10
546;0;80
546;1;70
546;2;60
546;3;50
546;4;40
546;5;30
546;6;20
546;7;10
547;0;10
547;1;20
547;2;30
547;3;40
547;4;50
547;5;60
547;6;70
547;7;80
548;0;10
548;1;10
548;2;10
548;3;10
548;4;10
548;5;10
548;6;10
548;7;10
549;0;10
549;1;10
549;2;10
549;3;10
549;4;10
549;5;10
549;6;10
549;7;10
550;0;80
550;1;70
550;2;60
550;3;50
550;4;40
550;5;30
550;6;20
550;7;10
551;0;10
551;1;20
551;2;30
551;3;40
551;4;50
551;5;60
551;6;70
551;7;80
552;0;10
552;1;20
552;2;30
552;3;40
552;4;50
552;5;60
552;6;70
552;7;80
553;0;80
553;1;70
553;2;60
553;3;50
553;4;40
553;5;30
553;6;20
553;7;10
554;0;10
554;1;10
554;2;10
554;3;10
554;4;10
554;5;10
554;6;10
554;7;10
555;0;10
555;1;10
555;2;10
555;3;10
555;4;10
555;5;10
555;6;10
555;7;10
556;0;10
556;1;20
556;2;30
556;3;40
556;4;50
556;5;60
556;6;70
556;7;80
557;0;10
557;1;10
557;2;10
557;3;10
557;4;10
557;5;10
557;6;10
557;7;10
558;0;10
558;1;10
558;2;10
558;3;10
558;4;10
558;5;10
558;6;10
558;7;10
559;0;10
559;1;10
559;2;10
559;3;10
559;4;10
559;5;10
559;6;10
559;7;10
560;0;80
560;1;70
560;2;60
560;3;50
560;4;40
560;5;30
560;6;20
560;7;10
561;0;10
561;1;20
561;2;30
561;3;40
561;4;50
561;5;60
561;6;70
561;7;80
562;0;10
562;1;20
562;2;30
562;3;40
562;4;50
562;5;60
562;6;70
562;7;80
563;0;80
563;1;70
563;2;60
563;3;50
563;4;40
563;5;30
563;6;20
563;7;10
564;0;10
564;1;10
564;2;10
564;3;10
564;4;10
564;5;10
564;6;10
564;7;10
565;0;10
565;1;10
565;2;10
565;3;10
565;4;10
565;5;10
565;6;10
565;7;10
566;0;10
566;1;10
566;2;10
566;3;10
566;4;10
566;5;10
566;6;10
566;7;10
567;0;10
567;1;20
567;2;30
567;3;40
567;4;50
567;5;60
567;6;70
567;7;80
568;0;80
568;1;70
568;2;60
568;3;50
568;4;40
568;5;30
568;6;20
568;7;10
569;0;80
569;1;70
569;2;60
569;3;50
569;4;40
569;5;30
569;6;20
569;7;10
570;0;10
570;1;20
570;2;30
570;3;40
570;4;50
570;5;60
570;6;70
570;7;80
571;0;80
571;1;70
571;2;60
571;3;50
571;4;40
571;5;30
571;6;20
571;7;10
572;0;10
572;1;20
572;2;30
572;3;40
572;4;50
572;5;60
572;6;70
572;7;80
573;0;80
573;1;70
573;2;60
573;3;50
573;4;40
573;5;30
573;6;20
573;7;10
574;0;80
574;1;70
574;2;60
574;3;50
574;4;40
574;5;30
574;6;20
574;7;10
575;0;10
575;1;10
575;2;10
575;3;10
575;4;10
575;5;10
575;6;10
575;7;10
576;0;80
576;1;70
576;2;60
576;3;50
576;4;40
576;5;30
576;6;20
576;7;10
577;0;10
577;1;10
577;2;10
577;3;10
577;4;10
577;5;10
577;6;10
577;7;10
578;0;80
578;1;70
578;2;60
578;3;50
578;4;40
578;5;30
578;6;20
578;7;10
579;0;80
579;1;70
579;2;60
579;3;50
579;4;40
579;5;30
579;6;20
579;7;10
580;0;80
580;1;70
580;2;60
580;3;50
580;4;40
580;5;30
580;6;20
580;7;10
581;0;80
581;1;70
581;2;60
581;3;50
581;4;40
581;5;30
581;6;20
581;7;10
582;0;10
582;1;20
582;2;30
582;3;40
582;4;50
582;5;60
582;6;70
582;7;80
583;0;10
583;1;10
583;2;10
583;3;10
583;4;10
583;5;10
583;6;10
583;7;10
584;0;10
584;1;10
584;2;10
584;3;10
584;4;10
584;5;10
584;6;10
584;7;10
585;0;10
585;1;10
585;2;10
585;3;10
585;4;10
585;5;10
585;6;10
585;7;10
586;0;10
586;1;10
586;2;10
586;3;10
586;4;10
586;5;10
586;6;10
586;7;10
587;0;10
587;1;20
587;2;30
587;3;40
587;4;50
587;5;60
587;6;70
587;7;80
588;0;10
588;1;20
588;2;30
588;3;40
588;4;50
588;5;60
588;6;70
588;7;80
589;0;10
589;1;20
589;2;30
589;3;40
589;4;50
589;5;60
589;6;70
589;7;80
590;0;10
590;1;10
590;2;10
590;3;10
590;4;10
590;5;10
590;6;10
590;7;10
591;0;10
591;1;20
591;2;30
591;3;40
591;4;50
591;5;60
591;6;70
591;7;80
592;0;80
592;1;70
592;2;60
592;3;50
592;4;40
592;5;30
592;6;20
592;7;10
593;0;10
593;1;20
593;2;30
593;3;40
593;4;50
593;5;60
593;6;70
593;7;80
594;0;10
594;1;20
594;2;30
594;3;40
594;4;50
594;5;60
594;6;70
594;7;80
595;0;10
595;1;10
595;2;10
595;3;10
595;4;10
595;5;10
595;6;10
595;7;10
596;0;10
596;1;10
596;2;10
596;3;10
596;4;10
596;5;10
596;6;10
596;7;10
597;0;10
597;1;20
597;2;30
597;3;40
597;4;50
597;5;60
597;6;70
597;7;80
598;0;10
598;1;10
598;2;10
598;3;10
598;4;10
598;5;10
598;6;10
598;7;10
599;0;80
599;1;70
599;2;60
599;3;50
599;4;40
599;5;30
599;6;20
599;7;10
600;0;10
600;1;20
600;2;30
600;3;40
600;4;50
600;5;60
600;6;70
600;7;80
601;0;10
601;1;10
601;2;10
601;3;10
601;4;10
601;5;10
601;6;10
601;7;10
602;0;80
602;1;70
602;2;60
602;3;50
602;4;40
602;5;30
602;6;20
602;7;10
603;0;80
603;1;70
603;2;60
603;3;50
603;4;40
603;5;30
603;6;20
603;7;10
604;0;10
604;1;20
604;2;30
604;3;40
604;4;50
604;5;60
604;6;70
604;7;80
605;0;10
605;1;10
605;2;10
605;3;10
605;4;10
605;5;10
605;6;10
605;7;10
606;0;80
606;1;70
606;2;60
606;3;50
606;4;40
606;5;30
606;6;20
606;7;10
607;0;10
607;1;20
607;2;30
607;3;40
607;4;50
607;5;60
607;6;70
607;7;80
608;0;10
608;1;20
608;2;30
608;3;40
608;4;50
608;5;60
608;6;70
608;7;80
609;0;10
609;1;10
609;2;10
609;3;10
609;4;10
609;5;10
609;6;10
609;7;10
610;0;10
610;1;10
610;2;10
610;3;10
610;4;10
610;5;10
610;6;10
610;7;10
611;0;10
611;1;20
611;2;30
611;3;40
611;4;50
611;5;60
611;6;70
611;7;80
612;0;10
612;1;20
612;2;30
612;3;40
612;4;50
612;5;60
612;6;70
612;7;80
613;0;10
613;1;10
613;2;10
613;3;10
613;4;10
613;5;10
613;6;10
613;7;10
614;0;10
614;1;20
614;2;30
614;3;40
614;4;50
614;5;60
614;6;70
614;7;80
615;0;10
615;1;20
615;2;30
615;3;40
615;4;50
615;5;60
615;6;70
615;7;80
616;0;10
616;1;20
616;2;30
616;3;40
616;4;50
616;5;60
616;6;70
616;7;80
617;0;10
617;1;10
617;2;10
617;3;10
617;4;10
617;5;10
617;6;10
617;7;10
618;0;10
618;1;10
618;2;10
618;3;10
618;4;10
618;5;10
618;6;10
618;7;10
619;0;10
619;1;20
619;2;30
619;3;40
619;4;50
619;5;60
619;6;70
619;7;80
620;0;10
620;1;10
620;2;10
620;3;10
620;4;10
620;5;10
620;6;10
620;7;10
621;0;80
621;1;70
621;2;60
621;3;50
621;4;40
621;5;30
621;6;20
621;7;10
622;0;10
622;1;10
622;2;10
622;3;10
622;4;10
622;5;10
622;6;10
622;7;10
623;0;10
623;1;10
623;2;10
623;3;10
623;4;10
623;5;10
623;6;10
623;7;10
624;0;10
624;1;20
624;2;30
624;3;40
624;4;50
624;5;60
624;6;70
624;7;80
625;0;10
625;1;20
625;2;30
625;3;40
625;4;50
625;5;60
625;6;70
625;7;80
626;0;80
626;1;70
626;2;60
626;3;50
626;4;40
626;5;30
626;6;20
626;7;10
627;0;80
627;1;70
627;2;60
627;3;50
627;4;40
627;5;30
627;6;20
627;7;10
628;0;10
628;1;20
628;2;30
628;3;40
628;4;50
628;5;60
628;6;70
628;7;80
629;0;10
629;1;20
629;2;30
629;3;40
629;4;50
629;5;60
629;6;70
629;7;80
630;0;10
630;1;10
630;2;10
630;3;10
630;4;10
630;5;10
630;6;10
630;7;10
631;0;10
631;1;20
631;2;30
631;3;40
631;4;50
631;5;60
631;6;70
631;7;80
632;0;80
632;1;70
632;2;60
632;3;50
632;4;40
632;5;30
632;6;20
632;7;10
633;0;10
633;1;10
633;2;10
633;3;10
633;4;10
633;5;10
633;6;10
633;7;10
634;0;80
634;1;70
634;2;60
634;3;50
634;4;40
634;5;30
634;6;20
634;7;10
635;0;10
635;1;10
635;2;10
635;3;10
635;4;10
635;5;10
635;6;10
635;7;10
636;0;10
636;1;20
636;2;30
636;3;40
636;4;50
636;5;60
636;6;70
636;7;80
637;0;10
637;1;10
637;2;10
637;3;10
637;4;10
637;5;10
637;6;10
637;7;10
638;0;80
638;1;70
638;2;60
638;3;50
638;4;40
638;5;30
638;6;20
638;7;10
639;0;10
639;1;10
639;2;10
639;3;10
639;4;10
639;5;10
639;6;10
639;7;10
640;0;10
640;1;20
640;2;30
640;3;40
640;4;50
640;5;60
640;6;70
640;7;80
641;0;10
641;1;20
641;2;30
641;3;40
641;4;50
641;5;60
641;6;70
641;7;80
642;0;10
642;1;20
642;2;30
642;3;40
642;4;50
642;5;60
642;6;70
642;7;80
643;0;80
643;1;70
643;2;60
643;3;50
643;4;40
643;5;30
643;6;20
643;7;10
644;0;80
644;1;70
644;2;60
644;3;50
644;4;40
644;5;30
644;6;20
644;7;10
645;0;10
645;1;10
645;2;10
645;3;10
645;4;10
645;5;10
645;6;10
645;7;10
646;0;80
646;1;70
646;2;60
646;3;50
646;4;40
646;5;30
646;6;20
646;7;10
647;0;10
647;1;10
647;2;10
647;3;10
647;4;10
647;5;10
647;6;10
647;7;10
648;0;10
648;1;10
648;2;10
648;3;10
648;4;10
648;5;10
648;6;10
648;7;10
649;0;80
649;1;70
649;2;60
649;3;50
649;4;40
649;5;30
649;6;20
649;7;10
650;0;80
650;1;70
650;2;60
650;3;50
650;4;40
650;5;30
650;6;20
650;7;10
651;0;10
651;1;20
651;2;30
651;3;40
651;4;50
651;5;60
651;6;70
651;7;80
652;0;80
652;1;70
652;2;60
652;3;50
652;4;40
652;5;30
652;6;20
652;7;10
653;0;10
653;1;10
653;2;10
653;3;10
653;4;10
653;5;10
653;6;10
653;7;10
654;0;80
654;1;70
654;2;60
654;3;50
654;4;40
654;5;30
654;6;20
654;7;10
655;0;10
655;1;10
655;2;10
655;3;10
655;4;10
655;5;10
655;6;10
655;7;10
656;0;80
656;1;70
656;2;60
656;3;50
656;4;40
656;5;30
656;6;20
656;7;10
657;0;80
657;1;70
657;2;60
657;3;50
657;4;40
657;5;30
657;6;20
657;7;10
658;0;10
658;1;10
658;2;10
658;3;10
658;4;10
658;5;10
658;6;10
658;7;10
659;0;80
659;1;70
659;2;60
659;3;50
659;4;40
659;5;30
659;6;20
659;7;10
660;0;10
660;1;10
660;2;10
660;3;10
660;4;10
660;5;10
660;6;10
660;7;10
661;0;10
661;1;20
661;2;30
661;3;40
661;4;50
661;5;60
661;6;70
661;7;80
662;0;10
662;1;20
662;2;30
662;3;40
662;4;50
662;5;60
662;6;70
662;7;80
663;0;80
663;1;70
663;2;60
663;3;50
663;4;40
663;5;30
663;6;20
663;7;10
664;0;10
664;1;10
664;2;10
664;3;10
664;4;10
664;5;10
664;6;10
664;7;10
665;0;80
665;1;70
665;2;60
665;3;50
665;4;40
665;5;30
665;6;20
665;7;10
666;0;10
666;1;10
666;2;10
666;3;10
666;4;10
666;5;10
666;6;10
666;7;10
667;0;10
667;1;20
667;2;30
667;3;40
667;4;50
667;5;60
667;6;70
667;7;80
668;0;80
668;1;70
668;2;60
668;3;50
668;4;40
668;5;30
668;6;20
668;7;10
669;0;10
669;1;10
669;2;10
669;3;10
669;4;10
669;5;10
669;6;10
669;7;10
670;0;80
670;1;70
670;2;60
670;3;50
670;4;40
670;5;30
670;6;20
670;7;10
671;0;80
671;1;70
671;2;60
671;3;50
671;4;40
671;5;30
671;6;20
671;7;10
672;0;80
672;1;70
672;2;60
672;3;50
672;4;40
672;5;30
672;6;20
672;7;10
673;0;10
673;1;10
673;2;10
673;3;10
673;4;10
673;5;10
673;6;10
673;7;10
674;0;10
674;1;20
674;2;30
674;3;40
674;4;50
674;5;60
674;6;70
674;7;80
675;0;80
675;1;70
675;2;60
675;3;50
675;4;40
675;5;30
675;6;20
675;7;10
676;0;10
676;1;20
676;2;30
676;3;40
676;4;50
676;5;60
676;6;70
676;7;80
677;0;80
677;1;70
677;2;60
677;3;50
677;4;40
677;5;30
677;6;20
677;7;10
678;0;80
678;1;70
678;2;60
678;3;50
678;4;40
678;5;30
678;6;20
678;7;10
679;0;10
679;1;10
679;2;10
679;3;10
679;4;10
679;5;10
679;6;10
679;7;10
680;0;10
680;1;20
680;2;30
680;3;40
680;4;50
680;5;60
680;6;70
680;7;80
681;0;10
681;1;10
681;2;10
681;3;10
681;4;10
681;5;10
681;6;10
681;7;10
682;0;10
682;1;20
682;2;30
682;3;40
682;4;50
682;5;60
682;6;70
682;7;80
683;0;80
683;1;70
683;2;60
683;3;50
683;4;40
683;5;30
683;6;20
683;7;10
684;0;80
684;1;70
684;2;60
684;3;50
684;4;40
684;5;30
684;6;20
684;7;10
685;0;80
685;1;70
685;2;60
685;3;50
685;4;40
685;5;30
685;6;20
685;7;10
686;0;80
686;1;70
686;2;60
686;3;50
686;4;40
686;5;30
686;6;20
686;7;10
687;0;80
687;1;70
687;2;60
687;3;50
687;4;40
687;5;30
687;6;20
687;7;10
688;0;10
688;1;20
688;2;30
688;3;40
688;4;50
688;5;60
688;6;70
688;7;80
689;0;10
689;1;10
689;2;10
689;3;10
689;4;10
689;5;10
689;6;10
689;7;10
690;0;10
690;1;20
690;2;30
690;3;40
690;4;50
690;5;60
690;6;70
690;7;80
691;0;10
691;1;20
691;2;30
691;3;40
691;4;50
691;5;60
691;6;70
691;7;80
692;0;80
692;1;70
692;2;60
692;3;50
692;4;40
692;5;30
692;6;20
692;7;10
693;0;10
693;1;20
693;2;30
693;3;40
693;4;50
693;5;60
693;6;70
693;7;80
694;0;10
694;1;20
694;2;30
694;3;40
694;4;50
694;5;60
694;6;70
694;7;80
695;0;10
695;1;10
695;2;10
695;3;10
695;4;10
695;5;10
695;6;10
695;7;10
696;0;10
696;1;20
696;2;30
696;3;40
696;4;50
696;5;60
696;6;70
696;7;80
697;0;10
697;1;20
697;2;30
697;3;40
697;4;50
697;5;60
697;6;70
697;7;80
698;0;10
698;1;20
698;2;30
698;3;40
698;4;50
698;5;60
698;6;70
698;7;80
699;0;10
699;1;10
699;2;10
699;3;10
699;4;10
699;5;10
699;6;10
699;7;10
700;0;10
700;1;20
700;2;30
700;3;40
700;4;50
700;5;60
700;6;70
700;7;80
701;0;10
701;1;10
701;2;10
701;3;10
701;4;10
701;5;10
701;6;10
701;7;10
702;0;10
702;1;20
702;2;30
702;3;40
702;4;50
702;5;60
702;6;70
702;7;80
703;0;80
703;1;70
703;2;60
703;3;50
703;4;40
703;5;30
703;6;20
703;7;10
704;0;10
704;1;10
704;2;10
704;3;10
704;4;10
704;5;10
704;6;10
704;7;10
705;0;80
705;1;70
705;2;60
705;3;50
705;4;40
705;5;30
705;6;20
705;7;10
706;0;80
706;1;70
706;2;60
706;3;50
706;4;40
706;5;30
706;6;20
706;7;10
707;0;10
707;1;10
707;2;10
707;3;10
707;4;10
707;5;10
707;6;10
707;7;10
708;0;80
708;1;70
708;2;60
708;3;50
708;4;40
708;5;30
708;6;20
708;7;10
709;0;10
709;1;20
709;2;30
709;3;40
709;4;50
709;5;60
709;6;70
709;7;80
710;0;80
710;1;70
710;2;60
710;3;50
710;4;40
710;5;30
710;6;20
710;7;10
711;0;10
711;1;10
711;2;10
711;3;10
711;4;10
711;5;10
711;6;10
711;7;10
712;0;10
712;1;20
712;2;30
712;3;40
712;4;50
712;5;60
712;6;70
712;7;80
713;0;10
713;1;10
713;2;10
713;3;10
713;4;10
713;5;10
713;6;10
713;7;10
714;0;80
714;1;70
714;2;60
714;3;50
714;4;40
714;5;30
714;6;20
714;7;10
715;0;10
715;1;10
715;2;10
715;3;10
715;4;10
715;5;10
715;6;10
715;7;10
716;0;80
716;1;70
716;2;60
716;3;50
716;4;40
716;5;30
716;6;20
716;7;10
717;0;10
717;1;20
717;2;30
717;3;40
717;4;50
717;5;60
717;6;70
717;7;80
718;0;10
718;1;20
718;2;30
718;3;40
718;4;50
718;5;60
718;6;70
718;7;80
719;0;10
719;1;10
719;2;10
719;3;10
719;4;10
719;5;10
719;6;10
719;7;10
720;0;80
720;1;70
720;2;60
720;3;50
720;4;40
720;5;30
720;6;20
720;7;10
721;0;10
721;1;10
721;2;10
721;3;10
721;4;10
721;5;10
721;6;10
721;7;10
722;0;10
722;1;10
722;2;10
722;3;10
722;4;10
722;5;10
722;6;10
722;7;10
723;0;80
723;1;70
723;2;60
723;3;50
723;4;40
723;5;30
723;6;20
723;7;10
724;0;10
724;1;10
724;2;10
724;3;10
724;4;10
724;5;10
724;6;10
724;7;10
725;0;80
725;1;70
725;2;60
725;3;50
725;4;40
725;5;30
725;6;20
725;7;10
726;0;80
726;1;70
726;2;60
726;3;50
726;4;40
726;5;30
726;6;20
726;7;10
727;0;10
727;1;10
727;2;10
727;3;10
727;4;10
727;5;10
727;6;10
727;7;10
728;0;10
728;1;10
728;2;10
728;3;10
728;4;10
728;5;10
728;6;10
728;7;10
729;0;10
729;1;10
729;2;10
729;3;10
729;4;10
729;5;10
729;6;10
729;7;10
730;0;10
730;1;20
730;2;30
730;3;40
730;4;50
730;5;60
730;6;70
730;7;80
731;0;80
731;1;70
731;2;60
731;3;50
731;4;40
731;5;30
731;6;20
731;7;10
732;0;10
732;1;20
732;2;30
732;3;40
732;4;50
732;5;60
732;6;70
732;7;80
733;0;10
733;1;10
733;2;10
733;3;10
733;4;10
733;5;10
733;6;10
733;7;10
734;0;80
734;1;70
734;2;60
734;3;50
734;4;40
734;5;30
734;6;20
734;7;10
735;0;80
735;1;70
735;2;60
735;3;50
735;4;40
735;5;30
735;6;20
735;7;10
736;0;10
736;1;20
736;2;30
736;3;40
736;4;50
736;5;60
736;6;70
736;7;80
737;0;10
737;1;10
737;2;10
737;3;10
737;4;10
737;5;10
737;6;10
737;7;10
738;0;80
738;1;70
738;2;60
738;3;50
738;4;40
738;5;30
738;6;20
738;7;10
739;0;10
739;1;10
739;2;10
739;3;10
739;4;10
739;5;10
739;6;10
739;7;10
740;0;80
740;1;70
740;2;60
740;3;50
740;4;40
740;5;30
740;6;20
740;7;10
741;0;10
741;1;20
741;2;30
741;3;40
741;4;50
741;5;60
741;6;70
741;7;80
742;0;80
742;1;70
742;2;60
742;3;50
742;4;40
742;5;30
742;6;20
742;7;10
743;0;10
743;1;10
743;2;10
743;3;10
743;4;10
743;5;10
743;6;10
743;7;10
744;0;10
744;1;10
744;2;10
744;3;10
744;4;10
744;5;10
744;6;10
744;7;10
745;0;10
745;1;20
745;2;30
745;3;40
745;4;50
745;5;60
745;6;70
745;7;80
746;0;10
746;1;20
746;2;30
746;3;40
746;4;50
746;5;60
746;6;70
746;7;80
747;0;80
747;1;70
747;2;60
747;3;50
747;4;40
747;5;30
747;6;20
747;7;10
748;0;80
748;1;70
748;2;60
748;3;50
748;4;40
748;5;30
748;6;20
748;7;10
749;0;80
749;1;70
749;2;60
749;3;50
749;4;40
749;5;30
749;6;20
749;7;10
750;0;10
750;1;20
750;2;30
750;3;40
750;4;50
750;5;60
750;6;70
750;7;80
751;0;10
751;1;10
751;2;10
751;3;10
751;4;10
751;5;10
751;6;10
751;7;10
752;0;10
752;1;10
752;2;10
752;3;10
752;4;10
752;5;10
752;6;10
752;7;10
753;0;10
753;1;10
753;2;10
753;3;10
753;4;10
753;5;10
753;6;10
753;7;10
754;0;10
754;1;20
754;2;30
754;3;40
754;4;50
754;5;60
754;6;70
754;7;80
755;0;10
755;1;10
755;2;10
755;3;10
755;4;10
755;5;10
755;6;10
755;7;10
756;0;10
756;1;10
756;2;10
756;3;10
756;4;10
756;5;10
756;6;10
756;7;10
757;0;10
757;1;20
757;2;30
757;3;40
757;4;50
757;5;60
757;6;70
757;7;80
758;0;80
758;1;70
758;2;60
758;3;50
758;4;40
758;5;30
758;6;20
758;7;10
759;0;10
759;1;10
759;2;10
759;3;10
759;4;10
759;5;10
759;6;10
759;7;10
760;0;10
760;1;20
760;2;30
760;3;40
760;4;50
760;5;60
760;6;70
760;7;80
761;0;80
761;1;70
761;2;60
761;3;50
761;4;40
761;5;30
761;6;20
761;7;10
762;0;10
762;1;10
762;2;10
762;3;10
762;4;10
762;5;10
762;6;10
762;7;10
763;0;10
763;1;10
763;2;10
763;3;10
763;4;10
763;5;10
763;6;10
763;7;10
764;0;10
764;1;10
764;2;10
764;3;10
764;4;10
764;5;10
764;6;10
764;7;10
765;0;10
765;1;10
765;2;10
765;3;10
765;4;10
765;5;10
765;6;10
765;7;10
766;0;10
766;1;10
766;2;10
766;3;10
766;4;10
766;5;10
766;6;10
766;7;10
767;0;10
767;1;10
767;2;10
767;3;10
767;4;10
767;5;10
767;6;10
767;7;10
768;0;10
768;1;20
768;2;30
768;3;40
768;4;50
768;5;60
768;6;70
768;7;80
769;0;10
769;1;20
769;2;30
769;3;40
769;4;50
769;5;60
769;6;70
769;7;80
770;0;10
770;1;10
770;2;10
770;3;10
770;4;10
770;5;10
770;6;10
770;7;10
771;0;10
771;1;10
771;2;10
771;3;10
771;4;10
771;5;10
771;6;10
771;7;10
772;0;80
772;1;70
772;2;60
772;3;50
772;4;40
772;5;30
772;6;20
772;7;10
773;0;80
773;1;70
773;2;60
773;3;50
773;4;40
773;5;30
773;6;20
773;7;10
774;0;80
774;1;70
774;2;60
774;3;50
774;4;40
774;5;30
774;6;20
774;7;10
775;0;80
775;1;70
775;2;60
775;3;50
775;4;40
775;5;30
775;6;20
775;7;10
776;0;10
776;1;20
776;2;30
776;3;40
776;4;50
776;5;60
776;6;70
776;7;80
777;0;80
777;1;70
777;2;60
777;3;50
777;4;40
777;5;30
777;6;20
777;7;10
778;0;10
778;1;10
778;2;10
778;3;10
778;4;10
778;5;10
778;6;10
778;7;10
779;0;10
779;1;10
779;2;10
779;3;10
779;4;10
779;5;10
779;6;10
779;7;10
780;0;80
780;1;70
780;2;60
780;3;50
780;4;40
780;5;30
780;6;20
780;7;10
781;0;80
781;1;70
781;2;60
781;3;50
781;4;40
781;5;30
781;6;20
781;7;10
782;0;80
782;1;70
782;2;60
782;3;50
782;4;40
782;5;30
782;6;20
782;7;10
783;0;80
783;1;70
783;2;60
783;3;50
783;4;40
783;5;30
783;6;20
783;7;10
784;0;80
784;1;70
784;2;60
784;3;50
784;4;40
784;5;30
784;6;20
784;7;10
785;0;80
785;1;70
785;2;60
785;3;50
785;4;40
785;5;30
785;6;20
785;7;10
786;0;10
786;1;20
786;2;30
786;3;40
786;4;50
786;5;60
786;6;70
786;7;80
787;0;10
787;1;20
787;2;30
787;3;40
787;4;50
787;5;60
787;6;70
787;7;80
788;0;10
788;1;20
788;2;30
788;3;40
788;4;50
788;5;60
788;6;70
788;7;80
789;0;80
789;1;70
789;2;60
789;3;50
789;4;40
789;5;30
789;6;20
789;7;10
790;0;10
790;1;20
790;2;30
790;3;40
790;4;50
790;5;60
790;6;70
790;7;80
791;0;10
791;1;10
791;2;10
791;3;10
791;4;10
791;5;10
791;6;10
791;7;10
792;0;10
792;1;10
792;2;10
792;3;10
792;4;10
792;5;10
792;6;10
792;7;10
793;0;10
793;1;10
793;2;10
793;3;10
793;4;10
793;5;10
793;6;10
793;7;10
794;0;10
794;1;20
794;2;30
794;3;40
794;4;50
794;5;60
794;6;70
794;7;80
795;0;10
795;1;10
795;2;10
795;3;10
795;4;10
795;5;10
795;6;10
795;7;10
796;0;80
796;1;70
796;2;60
796;3;50
796;4;40
796;5;30
796;6;20
796;7;10
797;0;80
797;1;70
797;2;60
797;3;50
797;4;40
797;5;30
797;6;20
797;7;10
798;0;10
798;1;20
798;2;30
798;3;40
798;4;50
798;5;60
798;6;70
798;7;80
799;0;10
799;1;20
799;2;30
799;3;40
799;4;50
799;5;60
799;6;70
799;7;80
800;0;80
800;1;70
800;2;60
800;3;50
800;4;40
800;5;30
800;6;20
800;7;10
801;0;80
801;1;70
801;2;60
801;3;50
801;4;40
801;5;30
801;6;20
801;7;10
802;0;10
802;1;10
802;2;10
802;3;10
802;4;10
802;5;10
802;6;10
802;7;10
803;0;10
803;1;20
803;2;30
803;3;40
803;4;50
803;5;60
803;6;70
803;7;80
804;0;80
804;1;70
804;2;60
804;3;50
804;4;40
804;5;30
804;6;20
804;7;10
805;0;10
805;1;10
805;2;10
805;3;10
805;4;10
805;5;10
805;6;10
805;7;10
806;0;10
806;1;20
806;2;30
806;3;40
806;4;50
806;5;60
806;6;70
806;7;80
807;0;10
807;1;10
807;2;10
807;3;10
807;4;10
807;5;10
807;6;10
807;7;10
808;0;10
808;1;20
808;2;30
808;3;40
808;4;50
808;5;60
808;6;70
808;7;80
809;0;10
809;1;10
809;2;10
809;3;10
809;4;10
809;5;10
809;6;10
809;7;10
810;0;80
810;1;70
810;2;60
810;3;50
810;4;40
810;5;30
810;6;20
810;7;10
811;0;10
811;1;10
811;2;10
811;3;10
811;4;10
811;5;10
811;6;10
811;7;10
812;0;80
812;1;70
812;2;60
812;3;50
812;4;40
812;5;30
812;6;20
812;7;10
813;0;10
813;1;10
813;2;10
813;3;10
813;4;10
813;5;10
813;6;10
813;7;10
814;0;10
814;1;10
814;2;10
814;3;10
814;4;10
814;5;10
814;6;10
814;7;10
815;0;10
815;1;20
815;2;30
815;3;40
815;4;50
815;5;60
815;6;70
815;7;80
816;0;10
816;1;10
816;2;10
816;3;10
816;4;10
816;5;10
816;6;10
816;7;10
817;0;10
817;1;20
817;2;30
817;3;40
817;4;50
817;5;60
817;6;70
817;7;80
818;0;10
818;1;10
818;2;10
818;3;10
818;4;10
818;5;10
818;6;10
818;7;10
819;0;10
819;1;20
819;2;30
819;3;40
819;4;50
819;5;60
819;6;70
819;7;80
820;0;10
820;1;20
820;2;30
820;3;40
820;4;50
820;5;60
820;6;70
820;7;80
821;0;10
821;1;20
821;2;30
821;3;40
821;4;50
821;5;60
821;6;70
821;7;80
822;0;80
822;1;70
822;2;60
822;3;50
822;4;40
822;5;30
822;6;20
822;7;10
823;0;10
823;1;20
823;2;30
823;3;40
823;4;50
823;5;60
823;6;70
823;7;80
824;0;80
824;1;70
824;2;60
824;3;50
824;4;40
824;5;30
824;6;20
824;7;10
825;0;80
825;1;70
825;2;60
825;3;50
825;4;40
825;5;30
825;6;20
825;7;10
826;0;80
826;1;70
826;2;60
826;3;50
826;4;40
826;5;30
826;6;20
826;7;10
827;0;80
827;1;70
827;2;60
827;3;50
827;4;40
827;5;30
827;6;20
827;7;10
828;0;10
828;1;10
828;2;10
828;3;10
828;4;10
828;5;10
828;6;10
828;7;10
829;0;10
829;1;10
829;2;10
829;3;10
829;4;10
829;5;10
829;6;10
829;7;10
830;0;80
830;1;70
830;2;60
830;3;50
830;4;40
830;5;30
830;6;20
830;7;10
831;0;10
831;1;20
831;2;30
831;3;40
831;4;50
831;5;60
831;6;70
831;7;80
832;0;10
832;1;20
832;2;30
832;3;40
832;4;50
832;5;60
832;6;70
832;7;80
833;0;10
833;1;10
833;2;10
833;3;10
833;4;10
833;5;10
833;6;10
833;7;10
834;0;10
834;1;10
834;2;10
834;3;10
834;4;10
834;5;10
834;6;10
834;7;10
835;0;10
835;1;10
835;2;10
835;3;10
835;4;10
835;5;10
835;6;10
835;7;10
836;0;10
836;1;10
836;2;10
836;3;10
836;4;10
836;5;10
836;6;10
836;7;10
837;0;10
837;1;10
837;2;10
837;3;10
837;4;10
837;5;10
837;6;10
837;7;10
838;0;10
838;1;20
838;2;30
838;3;40
838;4;50
838;5;60
838;6;70
838;7;80
839;0;10
839;1;10
839;2;10
839;3;10
839;4;10
839;5;10
839;6;10
839;7;10
840;0;80
840;1;70
840;2;60
840;3;50
840;4;40
840;5;30
840;6;20
840;7;10
841;0;80
841;1;70
841;2;60
841;3;50
841;4;40
841;5;30
841;6;20
841;7;10
842;0;80
842;1;70
842;2;60
842;3;50
842;4;40
842;5;30
842;6;20
842;7;10
843;0;10
843;1;10
843;2;10
843;3;10
843;4;10
843;5;10
843;6;10
843;7;10
844;0;80
844;1;70
844;2;60
844;3;50
844;4;40
844;5;30
844;6;20
844;7;10
845;0;10
845;1;20
845;2;30
845;3;40
845;4;50
845;5;60
845;6;70
845;7;80
846;0;80
846;1;70
846;2;60
846;3;50
846;4;40
846;5;30
846;6;20
846;7;10
847;0;10
847;1;10
847;2;10
847;3;10
847;4;10
847;5;10
847;6;10
847;7;10
848;0;10
848;1;20
848;2;30
848;3;40
848;4;50
848;5;60
848;6;70
848;7;80
849;0;10
849;1;20
849;2;30
849;3;40
849;4;50
849;5;60
849;6;70
849;7;80
850;0;10
850;1;10
850;2;10
850;3;10
850;4;10
850;5;10
850;6;10
850;7;10
851;0;10
851;1;10
851;2;10
851;3;10
851;4;10
851;5;10
851;6;10
851;7;10
852;0;10
852;1;20
852;2;30
852;3;40
852;4;50
852;5;60
852;6;70
852;7;80
853;0;80
853;1;70
853;2;60
853;3;50
853;4;40
853;5;30
853;6;20
853;7;10
854;0;10
854;1;10
854;2;10
854;3;10
854;4;10
854;5;10
854;6;10
854;7;10
855;0;10
855;1;10
855;2;10
855;3;10
855;4;10
855;5;10
855;6;10
855;7;10
856;0;80
856;1;70
856;2;60
856;3;50
856;4;40
856;5;30
856;6;20
856;7;10
857;0;10
857;1;10
857;2;10
857;3;10
857;4;10
857;5;10
857;6;10
857;7;10
858;0;80
858;1;70
858;2;60
858;3;50
858;4;40
858;5;30
858;6;20
858;7;10
859;0;80
859;1;70
859;2;60
859;3;50
859;4;40
859;5;30
859;6;20
859;7;10
860;0;80
860;1;70
860;2;60
860;3;50
860;4;40
860;5;30
860;6;20
860;7;10
861;0;10
861;1;20
861;2;30
861;3;40
861;4;50
861;5;60
861;6;70
861;7;80
862;0;10
862;1;20
862;2;30
862;3;40
862;4;50
862;5;60
862;6;70
862;7;80
863;0;10
863;1;20
863;2;30
863;3;40
863;4;50
863;5;60
863;6;70
863;7;80
864;0;10
864;1;20
864;2;30
864;3;40
864;4;50
864;5;60
864;6;70
864;7;80
865;0;10
865;1;10
865;2;10
865;3;10
865;4;10
865;5;10
865;6;10
865;7;10
866;0;10
866;1;10
866;2;10
866;3;10
866;4;10
866;5;10
866;6;10
866;7;10
867;0;80
867;1;70
867;2;60
867;3;50
867;4;40
867;5;30
867;6;20
867;7;10
868;0;80
868;1;70
868;2;60
868;3;50
868;4;40
868;5;30
868;6;20
868;7;10
869;0;80
869;1;70
869;2;60
869;3;50
869;4;40
869;5;30
869;6;20
869;7;10
870;0;80
870;1;70
870;2;60
870;3;50
870;4;40
870;5;30
870;6;20
870;7;10
871;0;10
871;1;10
871;2;10
871;3;10
871;4;10
871;5;10
871;6;10
871;7;10
872;0;10
872;1;20
872;2;30
872;3;40
872;4;50
872;5;60
872;6;70
872;7;80
873;0;80
873;1;70
873;2;60
873;3;50
873;4;40
873;5;30
873;6;20
873;7;10
874;0;10
874;1;20
874;2;30
874;3;40
874;4;50
874;5;60
874;6;70
874;7;80
875;0;80
875;1;70
875;2;60
875;3;50
875;4;40
875;5;30
875;6;20
875;7;10
876;0;80
876;1;70
876;2;60
876;3;50
876;4;40
876;5;30
876;6;20
876;7;10
877;0;80
877;1;70
877;2;60
877;3;50
877;4;40
877;5;30
877;6;20
877;7;10
878;0;10
878;1;10
878;2;10
878;3;10
878;4;10
878;5;10
878;6;10
878;7;10
879;0;10
879;1;10
879;2;10
879;3;10
879;4;10
879;5;10
879;6;10
879;7;10
880;0;80
880;1;70
880;2;60
880;3;50
880;4;40
880;5;30
880;6;20
880;7;10
881;0;80
881;1;70
881;2;60
881;3;50
881;4;40
881;5;30
881;6;20
881;7;10
882;0;10
882;1;20
882;2;30
882;3;40
882;4;50
882;5;60
882;6;70
882;7;80
883;0;10
883;1;20
883;2;30
883;3;40
883;4;50
883;5;60
883;6;70
883;7;80
884;0;10
884;1;20
884;2;30
884;3;40
884;4;50
884;5;60
884;6;70
884;7;80
885;0;10
885;1;10
885;2;10
885;3;10
885;4;10
885;5;10
885;6;10
885;7;10
886;0;10
886;1;20
886;2;30
886;3;40
886;4;50
886;5;60
886;6;70
886;7;80
887;0;80
887;1;70
887;2;60
887;3;50
887;4;40
887;5;30
887;6;20
887;7;10
888;0;10
888;1;10
888;2;10
888;3;10
888;4;10
888;5;10
888;6;10
888;7;10
889;0;10
889;1;10
889;2;10
889;3;10
889;4;10
889;5;10
889;6;10
889;7;10
890;0;10
890;1;10
890;2;10
890;3;10
890;4;10
890;5;10
890;6;10
890;7;10
891;0;10
891;1;20
891;2;30
891;3;40
891;4;50
891;5;60
891;6;70
891;7;80
892;0;10
892;1;20
892;2;30
892;3;40
892;4;50
892;5;60
892;6;70
892;7;80
893;0;10
893;1;20
893;2;30
893;3;40
893;4;50
893;5;60
893;6;70
893;7;80
894;0;10
894;1;10
894;2;10
894;3;10
894;4;10
894;5;10
894;6;10
894;7;10
895;0;80
895;1;70
895;2;60
895;3;50
895;4;40
895;5;30
895;6;20
895;7;10
896;0;80
896;1;70
896;2;60
896;3;50
896;4;40
896;5;30
896;6;20
896;7;10
897;0;10
897;1;20
897;2;30
897;3;40
897;4;50
897;5;60
897;6;70
897;7;80
898;0;80
898;1;70
898;2;60
898;3;50
898;4;40
898;5;30
898;6;20
898;7;10
899;0;10
899;1;20
899;2;30
899;3;40
899;4;50
899;5;60
899;6;70
899;7;80
900;0;10
900;1;10
900;2;10
900;3;10
900;4;10
900;5;10
900;6;10
900;7;10
901;0;80
901;1;70
901;2;60
901;3;50
901;4;40
901;5;30
901;6;20
901;7;10
902;0;80
902;1;70
902;2;60
902;3;50
902;4;40
902;5;30
902;6;20
902;7;10
903;0;10
903;1;10
903;2;10
903;3;10
903;4;10
903;5;10
903;6;10
903;7;10
904;0;10
904;1;10
904;2;10
904;3;10
904;4;10
904;5;10
904;6;10
904;7;10
905;0;10
905;1;10
905;2;10
905;3;10
905;4;10
905;5;10
905;6;10
905;7;10
906;0;10
906;1;10
906;2;10
906;3;10
906;4;10
906;5;10
906;6;10
906;7;10
907;0;80
907;1;70
907;2;60
907;3;50
907;4;40
907;5;30
907;6;20
907;7;10
908;0;80
908;1;70
908;2;60
908;3;50
908;4;40
908;5;30
908;6;20
908;7;10
909;0;10
909;1;10
909;2;10
909;3;10
909;4;10
909;5;10
909;6;10
909;7;10
910;0;80
910;1;70
910;2;60
910;3;50
910;4;40
910;5;30
910;6;20
910;7;10
911;0;10
911;1;20
911;2;30
911;3;40
911;4;50
911;5;60
911;6;70
911;7;80
912;0;10
912;1;10
912;2;10
912;3;10
912;4;10
912;5;10
912;6;10
912;7;10
913;0;80
913;1;70
913;2;60
913;3;50
913;4;40
913;5;30
913;6;20
913;7;10
914;0;10
914;1;10
914;2;10
914;3;10
914;4;10
914;5;10
914;6;10
914;7;10
915;0;10
915;1;10
915;2;10
915;3;10
915;4;10
915;5;10
915;6;10
915;7;10
916;0;10
916;1;10
916;2;10
916;3;10
916;4;10
916;5;10
916;6;10
916;7;10
917;0;10
917;1;10
917;2;10
917;3;10
917;4;10
917;5;10
917;6;10
917;7;10
918;0;80
918;1;70
918;2;60
918;3;50
918;4;40
918;5;30
918;6;20
918;7;10
919;0;80
919;1;70
919;2;60
919;3;50
919;4;40
919;5;30
919;6;20
919;7;10
920;0;10
920;1;10
920;2;10
920;3;10
920;4;10
920;5;10
920;6;10
920;7;10
921;0;10
921;1;10
921;2;10
921;3;10
921;4;10
921;5;10
921;6;10
921;7;10
922;0;80
922;1;70
922;2;60
922;3;50
922;4;40
922;5;30
922;6;20
922;7;10
923;0;10
923;1;20
923;2;30
923;3;40
923;4;50
923;5;60
923;6;70
923;7;80
924;0;80
924;1;70
924;2;60
924;3;50
924;4;40
924;5;30
924;6;20
924;7;10
925;0;10
925;1;10
925;2;10
925;3;10
925;4;10
925;5;10
925;6;10
925;7;10
926;0;10
926;1;20
926;2;30
926;3;40
926;4;50
926;5;60
926;6;70
926;7;80
927;0;10
927;1;10
927;2;10
927;3;10
927;4;10
927;5;10
927;6;10
927;7;10
928;0;10
928;1;20
928;2;30
928;3;40
928;4;50
928;5;60
928;6;70
928;7;80
929;0;80
929;1;70
929;2;60
929;3;50
929;4;40
929;5;30
929;6;20
929;7;10
930;0;10
930;1;10
930;2;10
930;3;10
930;4;10
930;5;10
930;6;10
930;7;10
931;0;10
931;1;10
931;2;10
931;3;10
931;4;10
931;5;10
931;6;10
931;7;10
932;0;10
932;1;20
932;2;30
932;3;40
932;4;50
932;5;60
932;6;70
932;7;80
933;0;10
933;1;10
933;2;10
933;3;10
933;4;10
933;5;10
933;6;10
933;7;10
934;0;10
934;1;10
934;2;10
934;3;10
934;4;10
934;5;10
934;6;10
934;7;10
935;0;10
935;1;20
935;2;30
935;3;40
935;4;50
935;5;60
935;6;70
935;7;80
936;0;10
936;1;20
936;2;30
936;3;40
936;4;50
936;5;60
936;6;70
936;7;80
937;0;80
937;1;70
937;2;60
937;3;50
937;4;40
937;5;30
937;6;20
937;7;10
938;0;80
938;1;70
938;2;60
938;3;50
938;4;40
938;5;30
938;6;20
938;7;10
939;0;10
939;1;20
939;2;30
939;3;40
939;4;50
939;5;60
939;6;70
939;7;80
940;0;10
940;1;20
940;2;30
940;3;40
940;4;50
940;5;60
940;6;70
940;7;80
941;0;10
941;1;10
941;2;10
941;3;10
941;4;10
941;5;10
941;6;10
941;7;10
942;0;10
942;1;20
942;2;30
942;3;40
942;4;50
942;5;60
942;6;70
942;7;80
943;0;80
943;1;70
943;2;60
943;3;50
943;4;40
943;5;30
943;6;20
943;7;10
944;0;80
944;1;70
944;2;60
944;3;50
944;4;40
944;5;30
944;6;20
944;7;10
945;0;10
945;1;20
945;2;30
945;3;40
945;4;50
945;5;60
945;6;70
945;7;80
946;0;80
946;1;70
946;2;60
946;3;50
946;4;40
946;5;30
946;6;20
946;7;10
947;0;80
947;1;70
947;2;60
947;3;50
947;4;40
947;5;30
947;6;20
947;7;10
948;0;10
948;1;20
948;2;30
948;3;40
948;4;50
948;5;60
948;6;70
948;7;80
949;0;80
949;1;70
949;2;60
949;3;50
949;4;40
949;5;30
949;6;20
949;7;10
950;0;10
950;1;10
950;2;10
950;3;10
950;4;10
950;5;10
950;6;10
950;7;10
951;0;10
951;1;20
951;2;30
951;3;40
951;4;50
951;5;60
951;6;70
951;7;80
952;0;10
952;1;20
952;2;30
952;3;40
952;4;50
952;5;60
952;6;70
952;7;80
953;0;10
953;1;20
953;2;30
953;3;40
953;4;50
953;5;60
953;6;70
953;7;80
954;0;10
954;1;20
954;2;30
954;3;40
954;4;50
954;5;60
954;6;70
954;7;80
955;0;10
955;1;20
955;2;30
955;3;40
955;4;50
955;5;60
955;6;70
955;7;80
956;0;80
956;1;70
956;2;60
956;3;50
956;4;40
956;5;30
956;6;20
956;7;10
957;0;10
957;1;10
957;2;10
957;3;10
957;4;10
957;5;10
957;6;10
957;7;10
958;0;10
958;1;10
958;2;10
958;3;10
958;4;10
958;5;10
958;6;10
958;7;10
959;0;10
959;1;10
959;2;10
959;3;10
959;4;10
959;5;10
959;6;10
959;7;10
960;0;80
960;1;70
960;2;60
960;3;50
960;4;40
960;5;30
960;6;20
960;7;10
961;0;10
961;1;10
961;2;10
961;3;10
961;4;10
961;5;10
961;6;10
961;7;10
962;0;80
962;1;70
962;2;60
962;3;50
962;4;40
962;5;30
962;6;20
962;7;10
963;0;80
963;1;70
963;2;60
963;3;50
963;4;40
963;5;30
963;6;20
963;7;10
964;0;10
964;1;20
964;2;30
964;3;40
964;4;50
964;5;60
964;6;70
964;7;80
965;0;10
965;1;20
965;2;30
965;3;40
965;4;50
965;5;60
965;6;70
965;7;80
966;0;80
966;1;70
966;2;60
966;3;50
966;4;40
966;5;30
966;6;20
966;7;10
967;0;10
967;1;20
967;2;30
967;3;40
967;4;50
967;5;60
967;6;70
967;7;80
968;0;10
968;1;20
968;2;30
968;3;40
968;4;50
968;5;60
968;6;70
968;7;80
969;0;80
969;1;70
969;2;60
969;3;50
969;4;40
969;5;30
969;6;20
969;7;10
970;0;80
970;1;70
970;2;60
970;3;50
970;4;40
970;5;30
970;6;20
970;7;10
971;0;80
971;1;70
971;2;60
971;3;50
971;4;40
971;5;30
971;6;20
971;7;10
