500;250;1164
0;0;50
1;0;10
1;1;70
1;3;100
2;0;70
2;4;10
2;6;10
3;1;10
3;2;10
3;3;100
3;7;100
3;9;100
4;2;50
4;3;10
4;10;50
4;12;70
5;2;10
5;3;100
5;13;100
5;15;50
6;4;100
6;5;100
6;6;100
6;16;70
6;18;50
7;5;100
7;6;100
7;19;70
7;21;70
8;5;10
8;6;70
8;22;70
8;24;50
9;7;50
9;8;10
9;9;50
9;25;70
9;27;10
10;8;10
10;9;10
10;28;10
10;30;10
11;8;10
11;9;70
11;31;70
11;33;50
12;8;70
12;9;50
12;34;70
12;36;10
13;10;50
13;11;100
13;12;10
13;37;100
13;39;50
14;11;70
14;12;50
14;40;10
14;42;50
15;11;10
15;12;10
15;43;100
15;45;50
16;11;10
16;12;10
16;46;50
16;48;50
17;13;70
17;14;50
17;15;70
17;49;100
17;51;100
18;14;50
18;15;100
18;52;70
18;54;70
19;14;100
19;15;10
19;55;100
19;57;70
20;14;70
20;15;70
20;58;100
20;60;50
21;16;50
21;17;70
21;18;50
21;61;50
21;63;10
22;17;100
22;18;100
22;64;100
22;66;70
23;17;70
23;18;50
23;67;70
23;69;50
24;17;50
24;18;50
24;70;70
24;72;50
25;19;70
25;20;10
25;21;10
25;73;70
25;75;50
26;20;50
26;21;70
26;76;10
26;78;10
27;20;100
27;21;70
27;79;70
27;81;50
28;20;70
28;21;70
28;82;50
28;84;100
29;22;50
29;23;100
29;24;10
29;85;50
29;87;10
30;23;70
30;24;100
30;88;50
30;90;70
31;23;50
31;24;50
31;91;10
31;93;50
32;23;70
32;24;70
32;94;10
32;96;100
33;25;10
33;26;100
33;27;100
33;97;70
33;99;10
34;26;70
34;27;100
34;100;10
34;102;50
35;26;100
35;27;10
35;103;100
35;105;50
36;26;10
36;27;70
36;106;50
36;108;50
37;26;10
37;27;10
37;109;70
37;111;10
38;28;10
38;29;10
38;30;70
38;112;100
38;114;70
39;29;10
39;30;100
39;115;50
39;117;50
40;29;10
40;30;100
40;118;10
40;120;50
41;29;100
41;30;10
41;121;70
41;123;50
42;29;50
42;30;100
42;124;100
42;126;70
43;31;50
43;32;10
43;33;10
43;127;10
43;129;100
44;32;50
44;33;10
44;130;100
44;132;70
45;32;100
45;33;50
45;133;50
45;135;10
46;32;10
46;33;10
46;136;70
46;138;10
47;32;70
47;33;10
47;139;70
47;141;100
48;34;50
48;35;10
48;36;70
48;142;50
48;144;10
49;35;50
49;36;100
49;145;10
49;147;10
50;35;70
50;36;70
50;148;70
50;150;10
51;35;10
51;36;70
51;151;10
51;153;10
52;35;70
52;36;50
52;154;70
52;156;70
53;37;50
53;38;70
53;39;10
53;157;10
53;159;100
54;38;100
54;39;10
54;160;70
54;162;70
55;38;70
55;39;50
55;163;100
55;165;50
56;38;50
56;39;70
56;166;50
56;168;10
57;38;70
57;39;10
57;169;50
57;171;100
58;40;10
58;41;70
58;42;10
58;172;10
58;174;100
59;41;10
59;42;50
59;175;100
59;177;100
60;41;50
60;42;50
60;178;70
60;180;50
61;41;70
61;42;70
61;181;50
61;183;100
62;41;70
62;42;50
62;184;70
62;186;100
63;43;50
63;44;100
63;45;50
63;187;10
63;189;50
64;44;10
64;45;70
64;190;50
64;192;70
65;44;10
65;45;70
65;193;10
65;195;70
66;44;50
66;45;10
66;196;50
66;198;50
67;44;10
67;45;50
67;199;50
67;201;10
68;46;50
68;47;50
68;48;10
68;202;50
68;204;50
69;47;100
69;48;70
69;205;50
69;207;70
70;47;50
70;48;50
70;208;70
70;210;100
71;47;70
71;48;50
71;211;70
71;213;50
72;47;70
72;48;10
72;214;50
72;216;100
73;49;10
73;50;10
73;51;100
73;217;70
73;219;100
74;50;50
74;51;70
74;220;70
74;222;10
75;50;100
75;51;10
75;223;70
75;225;70
76;50;50
76;51;10
76;226;70
76;228;50
77;50;50
77;51;10
77;229;50
77;231;70
78;52;50
78;53;100
78;54;10
78;232;10
78;234;100
79;53;50
79;54;50
79;235;100
79;237;100
80;53;50
80;54;70
80;238;50
80;240;70
81;53;70
81;54;70
81;241;70
81;243;100
82;53;70
82;54;50
82;244;50
82;246;50
83;55;70
83;56;100
83;57;70
83;247;100
83;249;100
84;56;50
84;57;10
85;56;70
85;57;10
86;56;70
86;57;100
87;56;100
87;57;50
88;58;70
88;59;10
88;60;100
89;59;50
89;60;50
90;59;100
90;60;100
91;59;100
91;60;10
92;59;50
92;60;10
93;61;70
93;62;70
93;63;50
94;62;50
94;63;10
95;62;50
95;63;100
96;62;10
96;63;70
97;62;10
97;63;10
98;64;70
98;65;50
98;66;100
99;65;70
99;66;10
100;65;10
100;66;50
101;65;10
101;66;70
102;65;10
102;66;50
103;67;50
103;68;70
103;69;100
104;68;50
104;69;50
105;68;10
105;69;100
106;68;100
106;69;10
107;68;10
107;69;70
108;70;100
108;71;10
108;72;50
109;71;100
109;72;50
110;71;50
110;72;70
111;71;10
111;72;10
112;71;10
112;72;50
113;73;100
113;74;100
113;75;10
114;74;100
114;75;50
115;74;100
115;75;100
116;74;100
116;75;70
117;74;100
117;75;100
118;76;100
118;77;100
118;78;50
119;77;70
119;78;70
120;77;50
120;78;50
121;77;70
121;78;70
122;77;10
122;78;10
123;79;50
123;80;10
123;81;50
124;80;100
124;81;100
125;80;100
125;81;10
126;80;10
126;81;10
127;80;50
127;81;50
128;82;50
128;83;100
128;84;70
129;83;50
129;84;10
130;83;70
130;84;10
131;83;70
131;84;100
132;83;100
132;84;70
133;85;10
133;86;50
133;87;10
134;86;10
134;87;70
135;86;10
135;87;50
136;86;10
136;87;10
137;86;70
137;87;10
138;88;10
138;89;50
138;90;50
139;89;70
139;90;10
140;89;10
140;90;70
141;89;50
141;90;100
142;89;50
142;90;70
143;91;50
143;92;10
143;93;50
144;92;70
144;93;50
145;92;50
145;93;50
146;92;70
146;93;50
147;92;100
147;93;10
148;94;10
148;95;100
148;96;100
149;95;70
149;96;70
150;95;10
150;96;10
151;95;100
151;96;100
152;95;10
152;96;70
153;97;50
153;98;100
153;99;100
154;98;100
154;99;100
155;98;10
155;99;50
156;98;10
156;99;10
157;98;50
157;99;10
158;98;100
158;99;70
159;100;100
159;101;70
159;102;100
160;101;10
160;102;50
161;101;50
161;102;70
162;101;50
162;102;70
163;101;70
163;102;10
164;101;100
164;102;50
165;103;10
165;104;50
165;105;70
166;104;100
166;105;10
167;104;50
167;105;70
168;104;50
168;105;10
169;104;100
169;105;50
170;104;50
170;105;100
171;106;50
171;107;50
171;108;100
172;107;70
172;108;50
173;107;10
173;108;50
174;107;50
174;108;50
175;107;50
175;108;100
176;107;10
176;108;10
177;109;50
177;110;10
177;111;70
178;110;70
178;111;100
179;110;100
179;111;50
180;110;10
180;111;100
181;110;100
181;111;10
182;110;10
182;111;50
183;112;70
183;113;10
183;114;100
184;113;50
184;114;50
185;113;100
185;114;10
186;113;70
186;114;100
187;113;70
187;114;10
188;113;10
188;114;100
189;115;100
189;116;50
189;117;70
190;116;70
190;117;10
191;116;50
191;117;10
192;116;70
192;117;70
193;116;10
193;117;10
194;116;50
194;117;100
195;118;50
195;119;50
195;120;10
196;119;100
196;120;10
197;119;50
197;120;50
198;119;10
198;120;100
199;119;10
199;120;50
200;119;100
200;120;100
201;121;100
201;122;100
201;123;50
202;122;10
202;123;70
203;122;100
203;123;50
204;122;10
204;123;70
205;122;70
205;123;70
206;122;10
206;123;10
207;124;10
207;125;100
207;126;50
208;125;50
208;126;70
209;125;100
209;126;50
210;125;100
210;126;100
211;125;10
211;126;70
212;125;10
212;126;100
213;127;70
213;128;70
213;129;10
214;128;10
214;129;50
215;128;50
215;129;70
216;128;50
216;129;70
217;128;10
217;129;100
218;128;50
218;129;10
219;130;10
219;131;100
219;132;10
220;131;50
220;132;100
221;131;100
221;132;50
222;131;70
222;132;70
223;131;50
223;132;100
224;131;10
224;132;70
225;133;70
225;134;50
225;135;70
226;134;70
226;135;100
227;134;100
227;135;50
228;134;50
228;135;70
229;134;10
229;135;100
230;134;10
230;135;100
231;136;70
231;137;50
231;138;70
232;137;10
232;138;50
233;137;10
233;138;10
234;137;70
234;138;100
235;137;70
235;138;70
236;137;70
236;138;50
237;139;50
237;140;10
237;141;100
238;140;10
238;141;100
239;140;50
239;141;70
240;140;100
240;141;70
241;140;50
241;141;10
242;140;10
242;141;100
243;142;70
243;143;100
243;144;50
244;143;50
244;144;70
245;143;10
245;144;50
246;143;70
246;144;100
247;143;50
247;144;100
248;143;50
248;144;100
249;145;10
249;146;50
249;147;70
250;146;100
250;147;50
251;146;70
251;147;50
252;146;10
252;147;100
253;146;70
253;147;100
254;146;10
254;147;10
255;148;50
255;149;10
255;150;10
256;149;10
256;150;50
257;149;100
257;150;50
258;149;100
258;150;100
259;149;10
259;150;70
260;149;50
260;150;10
261;151;70
261;152;50
261;153;10
262;152;70
262;153;10
263;152;50
263;153;100
264;152;10
264;153;70
265;152;70
265;153;100
266;152;70
266;153;50
267;154;10
267;155;10
267;156;50
268;155;50
268;156;100
269;155;70
269;156;70
270;155;50
270;156;10
271;155;10
271;156;10
272;155;70
272;156;70
273;157;50
273;158;10
273;159;70
274;158;100
274;159;10
275;158;100
275;159;50
276;158;100
276;159;50
277;158;100
277;159;70
278;158;70
278;159;10
279;160;70
279;161;10
279;162;10
280;161;100
280;162;100
281;161;100
281;162;50
282;161;70
282;162;10
283;161;10
283;162;70
284;161;50
284;162;50
285;163;100
285;164;10
285;165;100
286;164;10
286;165;70
287;164;10
287;165;100
288;164;50
288;165;50
289;164;10
289;165;50
290;164;100
290;165;10
291;166;50
291;167;100
291;168;100
292;167;70
292;168;50
293;167;10
293;168;100
294;167;70
294;168;100
295;167;10
295;168;50
296;167;10
296;168;70
297;169;10
297;170;70
297;171;100
298;170;50
298;171;70
299;170;50
299;171;100
300;170;70
300;171;50
301;170;50
301;171;100
302;170;50
302;171;50
303;172;70
303;173;100
303;174;50
304;173;100
304;174;100
305;173;70
305;174;70
306;173;50
306;174;70
307;173;100
307;174;50
308;173;50
308;174;100
309;175;100
309;176;100
309;177;10
310;176;100
310;177;50
311;176;50
311;177;70
312;176;50
312;177;100
313;176;70
313;177;10
314;176;10
314;177;100
315;178;70
315;179;100
315;180;50
316;179;50
316;180;70
317;179;50
317;180;50
318;179;70
318;180;50
319;179;10
319;180;70
320;179;10
320;180;100
321;181;50
321;182;70
321;183;50
322;182;70
322;183;70
323;182;100
323;183;50
324;182;100
324;183;70
325;182;100
325;183;70
326;182;70
326;183;50
327;184;10
327;185;70
327;186;70
328;185;50
328;186;50
329;185;100
329;186;100
330;185;70
330;186;100
331;185;100
331;186;50
332;185;50
332;186;50
333;187;10
333;188;100
333;189;100
334;188;100
334;189;50
335;188;10
335;189;10
336;188;10
336;189;100
337;188;70
337;189;70
338;188;50
338;189;70
339;190;70
339;191;100
339;192;50
340;191;50
340;192;10
341;191;100
341;192;70
342;191;50
342;192;70
343;191;10
343;192;50
344;191;10
344;192;100
345;193;100
345;194;100
345;195;70
346;194;70
346;195;70
347;194;100
347;195;100
348;194;10
348;195;100
349;194;70
349;195;50
350;194;50
350;195;100
351;196;10
351;197;100
351;198;50
352;197;10
352;198;100
353;197;10
353;198;50
354;197;10
354;198;50
355;197;10
355;198;100
356;197;10
356;198;50
357;199;100
357;200;50
357;201;10
358;200;50
358;201;50
359;200;70
359;201;70
360;200;50
360;201;70
361;200;70
361;201;70
362;200;100
362;201;100
363;202;50
363;203;10
363;204;100
364;203;10
364;204;10
365;203;50
365;204;50
366;203;50
366;204;50
367;203;70
367;204;50
368;203;70
368;204;100
369;205;10
369;206;50
369;207;100
370;206;70
370;207;100
371;206;70
371;207;100
372;206;100
372;207;70
373;206;10
373;207;10
374;206;70
374;207;10
375;208;100
375;209;100
375;210;50
376;209;10
376;210;70
377;209;70
377;210;100
378;209;10
378;210;50
379;209;10
379;210;10
380;209;70
380;210;100
381;211;100
381;212;50
381;213;10
382;212;100
382;213;70
383;212;100
383;213;70
384;212;100
384;213;50
385;212;10
385;213;70
386;212;70
386;213;100
387;214;70
387;215;50
387;216;10
388;215;10
388;216;50
389;215;10
389;216;70
390;215;10
390;216;50
391;215;70
391;216;10
392;215;70
392;216;100
393;217;50
393;218;100
393;219;70
394;218;100
394;219;70
395;218;10
395;219;100
396;218;10
396;219;10
397;218;70
397;219;70
398;218;10
398;219;70
399;220;70
399;221;100
399;222;10
400;221;100
400;222;10
401;221;10
401;222;70
402;221;100
402;222;10
403;221;50
403;222;10
404;221;50
404;222;10
405;223;70
405;224;50
405;225;100
406;224;100
406;225;70
407;224;10
407;225;10
408;224;10
408;225;70
409;224;70
409;225;50
410;224;70
410;225;70
411;226;50
411;227;10
411;228;100
412;227;10
412;228;50
413;227;100
413;228;70
414;227;50
414;228;100
415;227;70
415;228;100
416;227;70
416;228;70
417;229;50
417;230;50
417;231;70
418;230;70
418;231;10
419;230;50
419;231;10
420;230;70
420;231;50
421;230;70
421;231;100
422;230;10
422;231;100
423;232;100
423;233;70
423;234;70
424;233;100
424;234;100
425;233;70
425;234;50
426;233;10
426;234;70
427;233;10
427;234;50
428;233;100
428;234;50
429;235;70
429;236;10
429;237;10
430;236;100
430;237;10
431;236;50
431;237;10
432;236;100
432;237;70
433;236;70
433;237;10
434;236;50
434;237;70
435;238;10
435;239;10
435;240;50
436;239;50
436;240;50
437;239;100
437;240;70
438;239;10
438;240;70
439;239;50
439;240;10
440;239;50
440;240;50
441;241;70
441;242;50
441;243;50
442;242;50
442;243;100
443;242;10
443;243;10
444;242;70
444;243;10
445;242;70
445;243;10
446;242;100
446;243;50
447;244;100
447;245;10
447;246;70
448;245;10
448;246;70
449;245;10
449;246;70
450;245;10
450;246;70
451;245;70
451;246;50
452;245;10
452;246;70
453;247;50
453;248;70
453;249;50
454;248;100
454;249;10
455;248;50
455;249;70
456;248;10
456;249;70
457;248;10
457;249;50
458;248;70
458;249;100
0;0;10
0;1;20
0;2;30
0;3;40
0;4;50
0;5;60
0;6;70
0;7;80
1;0;80
1;1;70
1;2;60
1;3;50
1;4;40
1;5;30
1;6;20
1;7;10
2;0;80
2;1;70
2;2;60
2;3;50
2;4;40
2;5;30
2;6;20
2;7;10
3;0;10
3;1;10
3;2;10
3;3;10
3;4;10
3;5;10
3;6;10
3;7;10
4;0;80
4;1;70
4;2;60
4;3;50
4;4;40
4;5;30
4;6;20
4;7;10
5;0;80
5;1;70
5;2;60
5;3;50
5;4;40
5;5;30
5;6;20
5;7;10
6;0;80
6;1;70
6;2;60
6;3;50
6;4;40
6;5;30
6;6;20
6;7;10
7;0;10
7;1;20
7;2;30
7;3;40
7;4;50
7;5;60
7;6;70
7;7;80
8;0;80
8;1;70
8;2;60
8;3;50
8;4;40
8;5;30
8;6;20
8;7;10
9;0;80
9;1;70
9;2;60
9;3;50
9;4;40
9;5;30
9;6;20
9;7;10
10;0;80
10;1;70
10;2;60
10;3;50
10;4;40
10;5;30
10;6;20
10;7;10
11;0;10
11;1;10
11;2;10
11;3;10
11;4;10
11;5;10
11;6;10
11;7;10
12;0;10
12;1;20
12;2;30
12;3;40
12;4;50
12;5;60
12;6;70
12;7;80
13;0;80
13;1;70
13;2;60
13;3;50
13;4;40
13;5;30
13;6;20
13;7;10
14;0;10
14;1;20
14;2;30
14;3;40
14;4;50
14;5;60
14;6;70
14;7;80
15;0;10
15;1;20
15;2;30
15;3;40
15;4;50
15;5;60
15;6;70
15;7;80
16;0;10
16;1;20
16;2;30
16;3;40
16;4;50
16;5;60
16;6;70
16;7;80
17;0;10
17;1;20
17;2;30
17;3;40
17;4;50
17;5;60
17;6;70
17;7;80
18;0;80
18;1;70
18;2;60
18;3;50
18;4;40
18;5;30
18;6;20
18;7;10
19;0;10
19;1;20
19;2;30
19;3;40
19;4;50
19;5;60
19;6;70
19;7;80
20;0;10
20;1;20
20;2;30
20;3;40
20;4;50
20;5;60
20;6;70
20;7;80
21;0;10
21;1;20
21;2;30
21;3;40
21;4;50
21;5;60
21;6;70
21;7;80
22;0;10
22;1;20
22;2;30
22;3;40
22;4;50
22;5;60
22;6;70
22;7;80
23;0;10
23;1;20
23;2;30
23;3;40
23;4;50
23;5;60
23;6;70
23;7;80
24;0;80
24;1;70
24;2;60
24;3;50
24;4;40
24;5;30
24;6;20
24;7;10
25;0;80
25;1;70
25;2;60
25;3;50
25;4;40
25;5;30
25;6;20
25;7;10
26;0;10
26;1;10
26;2;10
26;3;10
26;4;10
26;5;10
26;6;10
26;7;10
27;0;10
27;1;20
27;2;30
27;3;40
27;4;50
27;5;60
27;6;70
27;7;80
28;0;10
28;1;10
28;2;10
28;3;10
28;4;10
28;5;10
28;6;10
28;7;10
29;0;80
29;1;70
29;2;60
29;3;50
29;4;40
29;5;30
29;6;20
29;7;10
30;0;10
30;1;10
30;2;10
30;3;10
30;4;10
30;5;10
30;6;10
30;7;10
31;0;10
31;1;20
31;2;30
31;3;40
31;4;50
31;5;60
31;6;70
31;7;80
32;0;10
32;1;20
32;2;30
32;3;40
32;4;50
32;5;60
32;6;70
32;7;80
33;0;10
33;1;10
33;2;10
33;3;10
33;4;10
33;5;10
33;6;10
33;7;10
34;0;10
34;1;20
34;2;30
34;3;40
34;4;50
34;5;60
34;6;70
34;7;80
35;0;80
35;1;70
35;2;60
35;3;50
35;4;40
35;5;30
35;6;20
35;7;10
36;0;10
36;1;10
36;2;10
36;3;10
36;4;10
36;5;10
36;6;10
36;7;10
37;0;80
37;1;70
37;2;60
37;3;50
37;4;40
37;5;30
37;6;20
37;7;10
38;0;10
38;1;10
38;2;10
38;3;10
38;4;10
38;5;10
38;6;10
38;7;10
39;0;10
39;1;20
39;2;30
39;3;40
39;4;50
39;5;60
39;6;70
39;7;80
40;0;80
40;1;70
40;2;60
40;3;50
40;4;40
40;5;30
40;6;20
40;7;10
41;0;80
41;1;70
41;2;60
41;3;50
41;4;40
41;5;30
41;6;20
41;7;10
42;0;80
42;1;70
42;2;60
42;3;50
42;4;40
42;5;30
42;6;20
42;7;10
43;0;10
43;1;10
43;2;10
43;3;10
43;4;10
43;5;10
43;6;10
43;7;10
44;0;80
44;1;70
44;2;60
44;3;50
44;4;40
44;5;30
44;6;20
44;7;10
45;0;80
45;1;70
45;2;60
45;3;50
45;4;40
45;5;30
45;6;20
45;7;10
46;0;10
46;1;10
46;2;10
46;3;10
46;4;10
46;5;10
46;6;10
46;7;10
47;0;80
47;1;70
47;2;60
47;3;50
47;4;40
47;5;30
47;6;20
47;7;10
48;0;10
48;1;20
48;2;30
48;3;40
48;4;50
48;5;60
48;6;70
48;7;80
49;0;10
49;1;10
49;2;10
49;3;10
49;4;10
49;5;10
49;6;10
49;7;10
50;0;10
50;1;10
50;2;10
50;3;10
50;4;10
50;5;10
50;6;10
50;7;10
51;0;10
51;1;10
51;2;10
51;3;10
51;4;10
51;5;10
51;6;10
51;7;10
52;0;10
52;1;10
52;2;10
52;3;10
52;4;10
52;5;10
52;6;10
52;7;10
53;0;10
53;1;10
53;2;10
53;3;10
53;4;10
53;5;10
53;6;10
53;7;10
54;0;80
54;1;70
54;2;60
54;3;50
54;4;40
54;5;30
54;6;20
54;7;10
55;0;10
55;1;10
55;2;10
55;3;10
55;4;10
55;5;10
55;6;10
55;7;10
56;0;10
56;1;10
56;2;10
56;3;10
56;4;10
56;5;10
56;6;10
56;7;10
57;0;80
57;1;70
57;2;60
57;3;50
57;4;40
57;5;30
57;6;20
57;7;10
58;0;80
58;1;70
58;2;60
58;3;50
58;4;40
58;5;30
58;6;20
58;7;10
59;0;10
59;1;20
59;2;30
59;3;40
59;4;50
59;5;60
59;6;70
59;7;80
60;0;80
60;1;70
60;2;60
60;3;50
60;4;40
60;5;30
60;6;20
60;7;10
61;0;10
61;1;20
61;2;30
61;3;40
61;4;50
61;5;60
61;6;70
61;7;80
62;0;10
62;1;10
62;2;10
62;3;10
62;4;10
62;5;10
62;6;10
62;7;10
63;0;10
63;1;10
63;2;10
63;3;10
63;4;10
63;5;10
63;6;10
63;7;10
64;0;10
64;1;10
64;2;10
64;3;10
64;4;10
64;5;10
64;6;10
64;7;10
65;0;10
65;1;20
65;2;30
65;3;40
65;4;50
65;5;60
65;6;70
65;7;80
66;0;10
66;1;20
66;2;30
66;3;40
66;4;50
66;5;60
66;6;70
66;7;80
67;0;10
67;1;20
67;2;30
67;3;40
67;4;50
67;5;60
67;6;70
67;7;80
68;0;10
68;1;10
68;2;10
68;3;10
68;4;10
68;5;10
68;6;10
68;7;10
69;0;10
69;1;10
69;2;10
69;3;10
69;4;10
69;5;10
69;6;10
69;7;10
70;0;10
70;1;20
70;2;30
70;3;40
70;4;50
70;5;60
70;6;70
70;7;80
71;0;80
71;1;70
71;2;60
71;3;50
71;4;40
71;5;30
71;6;20
71;7;10
72;0;80
72;1;70
72;2;60
72;3;50
72;4;40
72;5;30
72;6;20
72;7;10
73;0;10
73;1;10
73;2;10
73;3;10
73;4;10
73;5;10
73;6;10
73;7;10
74;0;80
74;1;70
74;2;60
74;3;50
74;4;40
74;5;30
74;6;20
74;7;10
75;0;80
75;1;70
75;2;60
75;3;50
75;4;40
75;5;30
75;6;20
75;7;10
76;0;10
76;1;10
76;2;10
76;3;10
76;4;10
76;5;10
76;6;10
76;7;10
77;0;80
77;1;70
77;2;60
77;3;50
77;4;40
77;5;30
77;6;20
77;7;10
78;0;10
78;1;20
78;2;30
78;3;40
78;4;50
78;5;60
78;6;70
78;7;80
79;0;10
79;1;10
79;2;10
79;3;10
79;4;10
79;5;10
79;6;10
79;7;10
80;0;80
80;1;70
80;2;60
80;3;50
80;4;40
80;5;30
80;6;20
80;7;10
81;0;80
81;1;70
81;2;60
81;3;50
81;4;40
81;5;30
81;6;20
81;7;10
82;0;10
82;1;20
82;2;30
82;3;40
82;4;50
82;5;60
82;6;70
82;7;80
83;0;80
83;1;70
83;2;60
83;3;50
83;4;40
83;5;30
83;6;20
83;7;10
84;0;80
84;1;70
84;2;60
84;3;50
84;4;40
84;5;30
84;6;20
84;7;10
85;0;80
85;1;70
85;2;60
85;3;50
85;4;40
85;5;30
85;6;20
85;7;10
86;0;10
86;1;20
86;2;30
86;3;40
86;4;50
86;5;60
86;6;70
86;7;80
87;0;10
87;1;20
87;2;30
87;3;40
87;4;50
87;5;60
87;6;70
87;7;80
88;0;80
88;1;70
88;2;60
88;3;50
88;4;40
88;5;30
88;6;20
88;7;10
89;0;10
89;1;10
89;2;10
89;3;10
89;4;10
89;5;10
89;6;10
89;7;10
90;0;10
90;1;20
90;2;30
90;3;40
90;4;50
90;5;60
90;6;70
90;7;80
91;0;10
91;1;20
91;2;30
91;3;40
91;4;50
91;5;60
91;6;70
91;7;80
92;0;80
92;1;70
92;2;60
92;3;50
92;4;40
92;5;30
92;6;20
92;7;10
93;0;80
93;1;70
93;2;60
93;3;50
93;4;40
93;5;30
93;6;20
93;7;10
94;0;10
94;1;10
94;2;10
94;3;10
94;4;10
94;5;10
94;6;10
94;7;10
95;0;10
95;1;10
95;2;10
95;3;10
95;4;10
95;5;10
95;6;10
95;7;10
96;0;10
96;1;20
96;2;30
96;3;40
96;4;50
96;5;60
96;6;70
96;7;80
97;0;10
97;1;20
97;2;30
97;3;40
97;4;50
97;5;60
97;6;70
97;7;80
98;0;10
98;1;10
98;2;10
98;3;10
98;4;10
98;5;10
98;6;10
98;7;10
99;0;10
99;1;20
99;2;30
99;3;40
99;4;50
99;5;60
99;6;70
99;7;80
100;0;10
100;1;20
100;2;30
100;3;40
100;4;50
100;5;60
100;6;70
100;7;80
101;0;80
101;1;70
101;2;60
101;3;50
101;4;40
101;5;30
101;6;20
101;7;10
102;0;10
102;1;10
102;2;10
102;3;10
102;4;10
102;5;10
102;6;10
102;7;10
103;0;80
103;1;70
103;2;60
103;3;50
103;4;40
103;5;30
103;6;20
103;7;10
104;0;10
104;1;20
104;2;30
104;3;40
104;4;50
104;5;60
104;6;70
104;7;80
105;0;10
105;1;20
105;2;30
105;3;40
105;4;50
105;5;60
105;6;70
105;7;80
106;0;10
106;1;10
106;2;10
106;3;10
106;4;10
106;5;10
106;6;10
106;7;10
107;0;80
107;1;70
107;2;60
107;3;50
107;4;40
107;5;30
107;6;20
107;7;10
108;0;80
108;1;70
108;2;60
108;3;50
108;4;40
108;5;30
108;6;20
108;7;10
109;0;10
109;1;10
109;2;10
109;3;10
109;4;10
109;5;10
109;6;10
109;7;10
110;0;80
110;1;70
110;2;60
110;3;50
110;4;40
110;5;30
110;6;20
110;7;10
111;0;10
111;1;10
111;2;10
111;3;10
111;4;10
111;5;10
111;6;10
111;7;10
112;0;80
112;1;70
112;2;60
112;3;50
112;4;40
112;5;30
112;6;20
112;7;10
113;0;10
113;1;10
113;2;10
113;3;10
113;4;10
113;5;10
113;6;10
113;7;10
114;0;80
114;1;70
114;2;60
114;3;50
114;4;40
114;5;30
114;6;20
114;7;10
115;0;80
115;1;70
115;2;60
115;3;50
115;4;40
115;5;30
115;6;20
115;7;10
116;0;80
116;1;70
116;2;60
116;3;50
116;4;40
116;5;30
116;6;20
116;7;10
117;0;10
117;1;10
117;2;10
117;3;10
117;4;10
117;5;10
117;6;10
117;7;10
118;0;80
118;1;70
118;2;60
118;3;50
118;4;40
118;5;30
118;6;20
118;7;10
119;0;80
119;1;70
119;2;60
119;3;50
119;4;40
119;5;30
119;6;20
119;7;10
120;0;10
120;1;10
120;2;10
120;3;10
120;4;10
120;5;10
120;6;10
120;7;10
121;0;10
121;1;10
121;2;10
121;3;10
121;4;10
121;5;10
121;6;10
121;7;10
122;0;10
122;1;20
122;2;30
122;3;40
122;4;50
122;5;60
122;6;70
122;7;80
123;0;80
123;1;70
123;2;60
123;3;50
123;4;40
123;5;30
123;6;20
123;7;10
124;0;10
124;1;10
124;2;10
124;3;10
124;4;10
124;5;10
124;6;10
124;7;10
125;0;80
125;1;70
125;2;60
125;3;50
125;4;40
125;5;30
125;6;20
125;7;10
126;0;10
126;1;10
126;2;10
126;3;10
126;4;10
126;5;10
126;6;10
126;7;10
127;0;10
127;1;20
127;2;30
127;3;40
127;4;50
127;5;60
127;6;70
127;7;80
128;0;80
128;1;70
128;2;60
128;3;50
128;4;40
128;5;30
128;6;20
128;7;10
129;0;10
129;1;20
129;2;30
129;3;40
129;4;50
129;5;60
129;6;70
129;7;80
130;0;10
130;1;20
130;2;30
130;3;40
130;4;50
130;5;60
130;6;70
130;7;80
131;0;10
131;1;20
131;2;30
131;3;40
131;4;50
131;5;60
131;6;70
131;7;80
132;0;80
132;1;70
132;2;60
132;3;50
132;4;40
132;5;30
132;6;20
132;7;10
133;0;10
133;1;20
133;2;30
133;3;40
133;4;50
133;5;60
133;6;70
133;7;80
134;0;80
134;1;70
134;2;60
134;3;50
134;4;40
134;5;30
134;6;20
134;7;10
135;0;10
135;1;20
135;2;30
135;3;40
135;4;50
135;5;60
135;6;70
135;7;80
136;0;10
136;1;20
136;2;30
136;3;40
136;4;50
136;5;60
136;6;70
136;7;80
137;0;10
137;1;20
137;2;30
137;3;40
137;4;50
137;5;60
137;6;70
137;7;80
138;0;10
138;1;10
138;2;10
138;3;10
138;4;10
138;5;10
138;6;10
138;7;10
139;0;10
139;1;10
139;2;10
139;3;10
139;4;10
139;5;10
139;6;10
139;7;10
140;0;10
140;1;10
140;2;10
140;3;10
140;4;10
140;5;10
140;6;10
140;7;10
141;0;10
141;1;10
141;2;10
141;3;10
141;4;10
141;5;10
141;6;10
141;7;10
142;0;10
142;1;10
142;2;10
142;3;10
142;4;10
142;5;10
142;6;10
142;7;10
143;0;10
143;1;10
143;2;10
143;3;10
143;4;10
143;5;10
143;6;10
143;7;10
144;0;10
144;1;20
144;2;30
144;3;40
144;4;50
144;5;60
144;6;70
144;7;80
145;0;80
145;1;70
145;2;60
145;3;50
145;4;40
145;5;30
145;6;20
145;7;10
146;0;80
146;1;70
146;2;60
146;3;50
146;4;40
146;5;30
146;6;20
146;7;10
147;0;10
147;1;20
147;2;30
147;3;40
147;4;50
147;5;60
147;6;70
147;7;80
148;0;80
148;1;70
148;2;60
148;3;50
148;4;40
148;5;30
148;6;20
148;7;10
149;0;10
149;1;20
149;2;30
149;3;40
149;4;50
149;5;60
149;6;70
149;7;80
150;0;10
150;1;10
150;2;10
150;3;10
150;4;10
150;5;10
150;6;10
150;7;10
151;0;10
151;1;10
151;2;10
151;3;10
151;4;10
151;5;10
151;6;10
151;7;10
152;0;10
152;1;20
152;2;30
152;3;40
152;4;50
152;5;60
152;6;70
152;7;80
153;0;10
153;1;10
153;2;10
153;3;10
153;4;10
153;5;10
153;6;10
153;7;10
154;0;10
154;1;10
154;2;10
154;3;10
154;4;10
154;5;10
154;6;10
154;7;10
155;0;10
155;1;20
155;2;30
155;3;40
155;4;50
155;5;60
155;6;70
155;7;80
156;0;10
156;1;10
156;2;10
156;3;10
156;4;10
156;5;10
156;6;10
156;7;10
157;0;80
157;1;70
157;2;60
157;3;50
157;4;40
157;5;30
157;6;20
157;7;10
158;0;10
158;1;10
158;2;10
158;3;10
158;4;10
158;5;10
158;6;10
158;7;10
159;0;10
159;1;20
159;2;30
159;3;40
159;4;50
159;5;60
159;6;70
159;7;80
160;0;10
160;1;20
160;2;30
160;3;40
160;4;50
160;5;60
160;6;70
160;7;80
161;0;80
161;1;70
161;2;60
161;3;50
161;4;40
161;5;30
161;6;20
161;7;10
162;0;10
162;1;20
162;2;30
162;3;40
162;4;50
162;5;60
162;6;70
162;7;80
163;0;10
163;1;10
163;2;10
163;3;10
163;4;10
163;5;10
163;6;10
163;7;10
164;0;10
164;1;20
164;2;30
164;3;40
164;4;50
164;5;60
164;6;70
164;7;80
165;0;10
165;1;10
165;2;10
165;3;10
165;4;10
165;5;10
165;6;10
165;7;10
166;0;10
166;1;10
166;2;10
166;3;10
166;4;10
166;5;10
166;6;10
166;7;10
167;0;10
167;1;10
167;2;10
167;3;10
167;4;10
167;5;10
167;6;10
167;7;10
168;0;80
168;1;70
168;2;60
168;3;50
168;4;40
168;5;30
168;6;20
168;7;10
169;0;80
169;1;70
169;2;60
169;3;50
169;4;40
169;5;30
169;6;20
169;7;10
170;0;10
170;1;20
170;2;30
170;3;40
170;4;50
170;5;60
170;6;70
170;7;80
171;0;10
171;1;20
171;2;30
171;3;40
171;4;50
171;5;60
171;6;70
171;7;80
172;0;80
172;1;70
172;2;60
172;3;50
172;4;40
172;5;30
172;6;20
172;7;10
173;0;10
173;1;10
173;2;10
173;3;10
173;4;10
173;5;10
173;6;10
173;7;10
174;0;10
174;1;20
174;2;30
174;3;40
174;4;50
174;5;60
174;6;70
174;7;80
175;0;10
175;1;20
175;2;30
175;3;40
175;4;50
175;5;60
175;6;70
175;7;80
176;0;80
176;1;70
176;2;60
176;3;50
176;4;40
176;5;30
176;6;20
176;7;10
177;0;80
177;1;70
177;2;60
177;3;50
177;4;40
177;5;30
177;6;20
177;7;10
178;0;10
178;1;10
178;2;10
178;3;10
178;4;10
178;5;10
178;6;10
178;7;10
179;0;10
179;1;20
179;2;30
179;3;40
179;4;50
179;5;60
179;6;70
179;7;80
180;0;10
180;1;10
180;2;10
180;3;10
180;4;10
180;5;10
180;6;10
180;7;10
181;0;80
181;1;70
181;2;60
181;3;50
181;4;40
181;5;30
181;6;20
181;7;10
182;0;10
182;1;20
182;2;30
182;3;40
182;4;50
182;5;60
182;6;70
182;7;80
183;0;80
183;1;70
183;2;60
183;3;50
183;4;40
183;5;30
183;6;20
183;7;10
184;0;10
184;1;10
184;2;10
184;3;10
184;4;10
184;5;10
184;6;10
184;7;10
185;0;10
185;1;20
185;2;30
185;3;40
185;4;50
185;5;60
185;6;70
185;7;80
186;0;10
186;1;20
186;2;30
186;3;40
186;4;50
186;5;60
186;6;70
186;7;80
187;0;10
187;1;20
187;2;30
187;3;40
187;4;50
187;5;60
187;6;70
187;7;80
188;0;10
188;1;10
188;2;10
188;3;10
188;4;10
188;5;10
188;6;10
188;7;10
189;0;10
189;1;10
189;2;10
189;3;10
189;4;10
189;5;10
189;6;10
189;7;10
190;0;10
190;1;10
190;2;10
190;3;10
190;4;10
190;5;10
190;6;10
190;7;10
191;0;10
191;1;10
191;2;10
191;3;10
191;4;10
191;5;10
191;6;10
191;7;10
192;0;80
192;1;70
192;2;60
192;3;50
192;4;40
192;5;30
192;6;20
192;7;10
193;0;10
193;1;10
193;2;10
193;3;10
193;4;10
193;5;10
193;6;10
193;7;10
194;0;10
194;1;20
194;2;30
194;3;40
194;4;50
194;5;60
194;6;70
194;7;80
195;0;10
195;1;10
195;2;10
195;3;10
195;4;10
195;5;10
195;6;10
195;7;10
196;0;10
196;1;20
196;2;30
196;3;40
196;4;50
196;5;60
196;6;70
196;7;80
197;0;10
197;1;20
197;2;30
197;3;40
197;4;50
197;5;60
197;6;70
197;7;80
198;0;10
198;1;10
198;2;10
198;3;10
198;4;10
198;5;10
198;6;10
198;7;10
199;0;80
199;1;70
199;2;60
199;3;50
199;4;40
199;5;30
199;6;20
199;7;10
200;0;10
200;1;20
200;2;30
200;3;40
200;4;50
200;5;60
200;6;70
200;7;80
201;0;10
201;1;10
201;2;10
201;3;10
201;4;10
201;5;10
201;6;10
201;7;10
202;0;10
202;1;10
202;2;10
202;3;10
202;4;10
202;5;10
202;6;10
202;7;10
203;0;10
203;1;10
203;2;10
203;3;10
203;4;10
203;5;10
203;6;10
203;7;10
204;0;10
204;1;10
204;2;10
204;3;10
204;4;10
204;5;10
204;6;10
204;7;10
205;0;10
205;1;20
205;2;30
205;3;40
205;4;50
205;5;60
205;6;70
205;7;80
206;0;10
206;1;20
206;2;30
206;3;40
206;4;50
206;5;60
206;6;70
206;7;80
207;0;10
207;1;10
207;2;10
207;3;10
207;4;10
207;5;10
207;6;10
207;7;10
208;0;10
208;1;20
208;2;30
208;3;40
208;4;50
208;5;60
208;6;70
208;7;80
209;0;10
209;1;10
209;2;10
209;3;10
209;4;10
209;5;10
209;6;10
209;7;10
210;0;80
210;1;70
210;2;60
210;3;50
210;4;40
210;5;30
210;6;20
210;7;10
211;0;80
211;1;70
211;2;60
211;3;50
211;4;40
211;5;30
211;6;20
211;7;10
212;0;80
212;1;70
212;2;60
212;3;50
212;4;40
212;5;30
212;6;20
212;7;10
213;0;80
213;1;70
213;2;60
213;3;50
213;4;40
213;5;30
213;6;20
213;7;10
214;0;10
214;1;10
214;2;10
214;3;10
214;4;10
214;5;10
214;6;10
214;7;10
215;0;10
215;1;20
215;2;30
215;3;40
215;4;50
215;5;60
215;6;70
215;7;80
216;0;10
216;1;20
216;2;30
216;3;40
216;4;50
216;5;60
216;6;70
216;7;80
217;0;80
217;1;70
217;2;60
217;3;50
217;4;40
217;5;30
217;6;20
217;7;10
218;0;10
218;1;10
218;2;10
218;3;10
218;4;10
218;5;10
218;6;10
218;7;10
219;0;80
219;1;70
219;2;60
219;3;50
219;4;40
219;5;30
219;6;20
219;7;10
220;0;80
220;1;70
220;2;60
220;3;50
220;4;40
220;5;30
220;6;20
220;7;10
221;0;10
221;1;10
221;2;10
221;3;10
221;4;10
221;5;10
221;6;10
221;7;10
222;0;10
222;1;10
222;2;10
222;3;10
222;4;10
222;5;10
222;6;10
222;7;10
223;0;10
223;1;20
223;2;30
223;3;40
223;4;50
223;5;60
223;6;70
223;7;80
224;0;80
224;1;70
224;2;60
224;3;50
224;4;40
224;5;30
224;6;20
224;7;10
225;0;10
225;1;20
225;2;30
225;3;40
225;4;50
225;5;60
225;6;70
225;7;80
226;0;10
226;1;10
226;2;10
226;3;10
226;4;10
226;5;10
226;6;10
226;7;10
227;0;10
227;1;20
227;2;30
227;3;40
227;4;50
227;5;60
227;6;70
227;7;80
228;0;10
228;1;10
228;2;10
228;3;10
228;4;10
228;5;10
228;6;10
228;7;10
229;0;80
229;1;70
229;2;60
229;3;50
229;4;40
229;5;30
229;6;20
229;7;10
230;0;80
230;1;70
230;2;60
230;3;50
230;4;40
230;5;30
230;6;20
230;7;10
231;0;10
231;1;20
231;2;30
231;3;40
231;4;50
231;5;60
231;6;70
231;7;80
232;0;10
232;1;20
232;2;30
232;3;40
232;4;50
232;5;60
232;6;70
232;7;80
233;0;80
233;1;70
233;2;60
233;3;50
233;4;40
233;5;30
233;6;20
233;7;10
234;0;10
234;1;20
234;2;30
234;3;40
234;4;50
234;5;60
234;6;70
234;7;80
235;0;80
235;1;70
235;2;60
235;3;50
235;4;40
235;5;30
235;6;20
235;7;10
236;0;10
236;1;10
236;2;10
236;3;10
236;4;10
236;5;10
236;6;10
236;7;10
237;0;80
237;1;70
237;2;60
237;3;50
237;4;40
237;5;30
237;6;20
237;7;10
238;0;10
238;1;10
238;2;10
238;3;10
238;4;10
238;5;10
238;6;10
238;7;10
239;0;10
239;1;20
239;2;30
239;3;40
239;4;50
239;5;60
239;6;70
239;7;80
240;0;10
240;1;20
240;2;30
240;3;40
240;4;50
240;5;60
240;6;70
240;7;80
241;0;80
241;1;70
241;2;60
241;3;50
241;4;40
241;5;30
241;6;20
241;7;10
242;0;10
242;1;10
242;2;10
242;3;10
242;4;10
242;5;10
242;6;10
242;7;10
243;0;10
243;1;10
243;2;10
243;3;10
243;4;10
243;5;10
243;6;10
243;7;10
244;0;10
244;1;20
244;2;30
244;3;40
244;4;50
244;5;60
244;6;70
244;7;80
245;0;10
245;1;10
245;2;10
245;3;10
245;4;10
245;5;10
245;6;10
245;7;10
246;0;10
246;1;20
246;2;30
246;3;40
246;4;50
246;5;60
246;6;70
246;7;80
247;0;10
247;1;10
247;2;10
247;3;10
247;4;10
247;5;10
247;6;10
247;7;10
248;0;10
248;1;10
248;2;10
248;3;10
248;4;10
248;5;10
248;6;10
248;7;10
249;0;80
249;1;70
249;2;60
249;3;50
249;4;40
249;5;30
249;6;20
249;7;10
250;0;10
250;1;20
250;2;30
250;3;40
250;4;50
250;5;60
250;6;70
250;7;80
251;0;80
251;1;70
251;2;60
251;3;50
251;4;40
251;5;30
251;6;20
251;7;10
252;0;80
252;1;70
252;2;60
252;3;50
252;4;40
252;5;30
252;6;20
252;7;10
253;0;10
253;1;10
253;2;10
253;3;10
253;4;10
253;5;10
253;6;10
253;7;10
254;0;10
254;1;20
254;2;30
254;3;40
254;4;50
254;5;60
254;6;70
254;7;80
255;0;10
255;1;20
255;2;30
255;3;40
255;4;50
255;5;60
255;6;70
255;7;80
256;0;10
256;1;20
256;2;30
256;3;40
256;4;50
256;5;60
256;6;70
256;7;80
257;0;80
257;1;70
257;2;60
257;3;50
257;4;40
257;5;30
257;6;20
257;7;10
258;0;10
258;1;10
258;2;10
258;3;10
258;4;10
258;5;10
258;6;10
258;7;10
259;0;80
259;1;70
259;2;60
259;3;50
259;4;40
259;5;30
259;6;20
259;7;10
260;0;80
260;1;70
260;2;60
260;3;50
260;4;40
260;5;30
260;6;20
260;7;10
261;0;10
261;1;10
261;2;10
261;3;10
261;4;10
261;5;10
261;6;10
261;7;10
262;0;10
262;1;10
262;2;10
262;3;10
262;4;10
262;5;10
262;6;10
262;7;10
263;0;10
263;1;10
263;2;10
263;3;10
263;4;10
263;5;10
263;6;10
263;7;10
264;0;10
264;1;10
264;2;10
264;3;10
264;4;10
264;5;10
264;6;10
264;7;10
265;0;10
265;1;20
265;2;30
265;3;40
265;4;50
265;5;60
265;6;70
265;7;80
266;0;80
266;1;70
266;2;60
266;3;50
266;4;40
266;5;30
266;6;20
266;7;10
267;0;80
267;1;70
267;2;60
267;3;50
267;4;40
267;5;30
267;6;20
267;7;10
268;0;10
268;1;20
268;2;30
268;3;40
268;4;50
268;5;60
268;6;70
268;7;80
269;0;80
269;1;70
269;2;60
269;3;50
269;4;40
269;5;30
269;6;20
269;7;10
270;0;10
270;1;10
270;2;10
270;3;10
270;4;10
270;5;10
270;6;10
270;7;10
271;0;10
271;1;10
271;2;10
271;3;10
271;4;10
271;5;10
271;6;10
271;7;10
272;0;10
272;1;20
272;2;30
272;3;40
272;4;50
272;5;60
272;6;70
272;7;80
273;0;10
273;1;20
273;2;30
273;3;40
273;4;50
273;5;60
273;6;70
273;7;80
274;0;10
274;1;20
274;2;30
274;3;40
274;4;50
274;5;60
274;6;70
274;7;80
275;0;80
275;1;70
275;2;60
275;3;50
275;4;40
275;5;30
275;6;20
275;7;10
276;0;80
276;1;70
276;2;60
276;3;50
276;4;40
276;5;30
276;6;20
276;7;10
277;0;10
277;1;10
277;2;10
277;3;10
277;4;10
277;5;10
277;6;10
277;7;10
278;0;10
278;1;20
278;2;30
278;3;40
278;4;50
278;5;60
278;6;70
278;7;80
279;0;80
279;1;70
279;2;60
279;3;50
279;4;40
279;5;30
279;6;20
279;7;10
280;0;80
280;1;70
280;2;60
280;3;50
280;4;40
280;5;30
280;6;20
280;7;10
281;0;80
281;1;70
281;2;60
281;3;50
281;4;40
281;5;30
281;6;20
281;7;10
282;0;10
282;1;10
282;2;10
282;3;10
282;4;10
282;5;10
282;6;10
282;7;10
283;0;80
283;1;70
283;2;60
283;3;50
283;4;40
283;5;30
283;6;20
283;7;10
284;0;10
284;1;20
284;2;30
284;3;40
284;4;50
284;5;60
284;6;70
284;7;80
285;0;80
285;1;70
285;2;60
285;3;50
285;4;40
285;5;30
285;6;20
285;7;10
286;0;10
286;1;10
286;2;10
286;3;10
286;4;10
286;5;10
286;6;10
286;7;10
287;0;10
287;1;20
287;2;30
287;3;40
287;4;50
287;5;60
287;6;70
287;7;80
288;0;80
288;1;70
288;2;60
288;3;50
288;4;40
288;5;30
288;6;20
288;7;10
289;0;10
289;1;20
289;2;30
289;3;40
289;4;50
289;5;60
289;6;70
289;7;80
290;0;10
290;1;10
290;2;10
290;3;10
290;4;10
290;5;10
290;6;10
290;7;10
291;0;10
291;1;20
291;2;30
291;3;40
291;4;50
291;5;60
291;6;70
291;7;80
292;0;10
292;1;10
292;2;10
292;3;10
292;4;10
292;5;10
292;6;10
292;7;10
293;0;10
293;1;20
293;2;30
293;3;40
293;4;50
293;5;60
293;6;70
293;7;80
294;0;80
294;1;70
294;2;60
294;3;50
294;4;40
294;5;30
294;6;20
294;7;10
295;0;10
295;1;20
295;2;30
295;3;40
295;4;50
295;5;60
295;6;70
295;7;80
296;0;10
296;1;10
296;2;10
296;3;10
296;4;10
296;5;10
296;6;10
296;7;10
297;0;10
297;1;10
297;2;10
297;3;10
297;4;10
297;5;10
297;6;10
297;7;10
298;0;10
298;1;20
298;2;30
298;3;40
298;4;50
298;5;60
298;6;70
298;7;80
299;0;10
299;1;10
299;2;10
299;3;10
299;4;10
299;5;10
299;6;10
299;7;10
300;0;80
300;1;70
300;2;60
300;3;50
300;4;40
300;5;30
300;6;20
300;7;10
301;0;10
301;1;10
301;2;10
301;3;10
301;4;10
301;5;10
301;6;10
301;7;10
302;0;80
302;1;70
302;2;60
302;3;50
302;4;40
302;5;30
302;6;20
302;7;10
303;0;80
303;1;70
303;2;60
303;3;50
303;4;40
303;5;30
303;6;20
303;7;10
304;0;10
304;1;10
304;2;10
304;3;10
304;4;10
304;5;10
304;6;10
304;7;10
305;0;80
305;1;70
305;2;60
305;3;50
305;4;40
305;5;30
305;6;20
305;7;10
306;0;80
306;1;70
306;2;60
306;3;50
306;4;40
306;5;30
306;6;20
306;7;10
307;0;10
307;1;20
307;2;30
307;3;40
307;4;50
307;5;60
307;6;70
307;7;80
308;0;10
308;1;10
308;2;10
308;3;10
308;4;10
308;5;10
308;6;10
308;7;10
309;0;10
309;1;10
309;2;10
309;3;10
309;4;10
309;5;10
309;6;10
309;7;10
310;0;10
310;1;10
310;2;10
310;3;10
310;4;10
310;5;10
310;6;10
310;7;10
311;0;10
311;1;10
311;2;10
311;3;10
311;4;10
311;5;10
311;6;10
311;7;10
312;0;10
312;1;10
312;2;10
312;3;10
312;4;10
312;5;10
312;6;10
312;7;10
313;0;10
313;1;20
313;2;30
313;3;40
313;4;50
313;5;60
313;6;70
313;7;80
314;0;10
314;1;20
314;2;30
314;3;40
314;4;50
314;5;60
314;6;70
314;7;80
315;0;80
315;1;70
315;2;60
315;3;50
315;4;40
315;5;30
315;6;20
315;7;10
316;0;10
316;1;20
316;2;30
316;3;40
316;4;50
316;5;60
316;6;70
316;7;80
317;0;10
317;1;20
317;2;30
317;3;40
317;4;50
317;5;60
317;6;70
317;7;80
318;0;10
318;1;10
318;2;10
318;3;10
318;4;10
318;5;10
318;6;10
318;7;10
319;0;10
319;1;20
319;2;30
319;3;40
319;4;50
319;5;60
319;6;70
319;7;80
320;0;10
320;1;10
320;2;10
320;3;10
320;4;10
320;5;10
320;6;10
320;7;10
321;0;80
321;1;70
321;2;60
321;3;50
321;4;40
321;5;30
321;6;20
321;7;10
322;0;10
322;1;10
322;2;10
322;3;10
322;4;10
322;5;10
322;6;10
322;7;10
323;0;10
323;1;10
323;2;10
323;3;10
323;4;10
323;5;10
323;6;10
323;7;10
324;0;10
324;1;20
324;2;30
324;3;40
324;4;50
324;5;60
324;6;70
324;7;80
325;0;10
325;1;20
325;2;30
325;3;40
325;4;50
325;5;60
325;6;70
325;7;80
326;0;10
326;1;20
326;2;30
326;3;40
326;4;50
326;5;60
326;6;70
326;7;80
327;0;10
327;1;20
327;2;30
327;3;40
327;4;50
327;5;60
327;6;70
327;7;80
328;0;80
328;1;70
328;2;60
328;3;50
328;4;40
328;5;30
328;6;20
328;7;10
329;0;10
329;1;10
329;2;10
329;3;10
329;4;10
329;5;10
329;6;10
329;7;10
330;0;10
330;1;10
330;2;10
330;3;10
330;4;10
330;5;10
330;6;10
330;7;10
331;0;10
331;1;20
331;2;30
331;3;40
331;4;50
331;5;60
331;6;70
331;7;80
332;0;80
332;1;70
332;2;60
332;3;50
332;4;40
332;5;30
332;6;20
332;7;10
333;0;10
333;1;20
333;2;30
333;3;40
333;4;50
333;5;60
333;6;70
333;7;80
334;0;10
334;1;10
334;2;10
334;3;10
334;4;10
334;5;10
334;6;10
334;7;10
335;0;80
335;1;70
335;2;60
335;3;50
335;4;40
335;5;30
335;6;20
335;7;10
336;0;10
336;1;20
336;2;30
336;3;40
336;4;50
336;5;60
336;6;70
336;7;80
337;0;10
337;1;20
337;2;30
337;3;40
337;4;50
337;5;60
337;6;70
337;7;80
338;0;10
338;1;20
338;2;30
338;3;40
338;4;50
338;5;60
338;6;70
338;7;80
339;0;10
339;1;10
339;2;10
339;3;10
339;4;10
339;5;10
339;6;10
339;7;10
340;0;10
340;1;20
340;2;30
340;3;40
340;4;50
340;5;60
340;6;70
340;7;80
341;0;10
341;1;20
341;2;30
341;3;40
341;4;50
341;5;60
341;6;70
341;7;80
342;0;80
342;1;70
342;2;60
342;3;50
342;4;40
342;5;30
342;6;20
342;7;10
343;0;10
343;1;20
343;2;30
343;3;40
343;4;50
343;5;60
343;6;70
343;7;80
344;0;10
344;1;10
344;2;10
344;3;10
344;4;10
344;5;10
344;6;10
344;7;10
345;0;10
345;1;20
345;2;30
345;3;40
345;4;50
345;5;60
345;6;70
345;7;80
346;0;80
346;1;70
346;2;60
346;3;50
346;4;40
346;5;30
346;6;20
346;7;10
347;0;80
347;1;70
347;2;60
347;3;50
347;4;40
347;5;30
347;6;20
347;7;10
348;0;10
348;1;10
348;2;10
348;3;10
348;4;10
348;5;10
348;6;10
348;7;10
349;0;10
349;1;20
349;2;30
349;3;40
349;4;50
349;5;60
349;6;70
349;7;80
350;0;10
350;1;20
350;2;30
350;3;40
350;4;50
350;5;60
350;6;70
350;7;80
351;0;10
351;1;10
351;2;10
351;3;10
351;4;10
351;5;10
351;6;10
351;7;10
352;0;80
352;1;70
352;2;60
352;3;50
352;4;40
352;5;30
352;6;20
352;7;10
353;0;10
353;1;10
353;2;10
353;3;10
353;4;10
353;5;10
353;6;10
353;7;10
354;0;10
354;1;20
354;2;30
354;3;40
354;4;50
354;5;60
354;6;70
354;7;80
355;0;10
355;1;20
355;2;30
355;3;40
355;4;50
355;5;60
355;6;70
355;7;80
356;0;80
356;1;70
356;2;60
356;3;50
356;4;40
356;5;30
356;6;20
356;7;10
357;0;10
357;1;10
357;2;10
357;3;10
357;4;10
357;5;10
357;6;10
357;7;10
358;0;80
358;1;70
358;2;60
358;3;50
358;4;40
358;5;30
358;6;20
358;7;10
359;0;10
359;1;20
359;2;30
359;3;40
359;4;50
359;5;60
359;6;70
359;7;80
360;0;10
360;1;20
360;2;30
360;3;40
360;4;50
360;5;60
360;6;70
360;7;80
361;0;10
361;1;20
361;2;30
361;3;40
361;4;50
361;5;60
361;6;70
361;7;80
362;0;80
362;1;70
362;2;60
362;3;50
362;4;40
362;5;30
362;6;20
362;7;10
363;0;10
363;1;10
363;2;10
363;3;10
363;4;10
363;5;10
363;6;10
363;7;10
364;0;10
364;1;10
364;2;10
364;3;10
364;4;10
364;5;10
364;6;10
364;7;10
365;0;10
365;1;10
365;2;10
365;3;10
365;4;10
365;5;10
365;6;10
365;7;10
366;0;80
366;1;70
366;2;60
366;3;50
366;4;40
366;5;30
366;6;20
366;7;10
367;0;80
367;1;70
367;2;60
367;3;50
367;4;40
367;5;30
367;6;20
367;7;10
368;0;10
368;1;20
368;2;30
368;3;40
368;4;50
368;5;60
368;6;70
368;7;80
369;0;80
369;1;70
369;2;60
369;3;50
369;4;40
369;5;30
369;6;20
369;7;10
370;0;10
370;1;20
370;2;30
370;3;40
370;4;50
370;5;60
370;6;70
370;7;80
371;0;10
371;1;20
371;2;30
371;3;40
371;4;50
371;5;60
371;6;70
371;7;80
372;0;80
372;1;70
372;2;60
372;3;50
372;4;40
372;5;30
372;6;20
372;7;10
373;0;10
373;1;10
373;2;10
373;3;10
373;4;10
373;5;10
373;6;10
373;7;10
374;0;10
374;1;20
374;2;30
374;3;40
374;4;50
374;5;60
374;6;70
374;7;80
375;0;10
375;1;20
375;2;30
375;3;40
375;4;50
375;5;60
375;6;70
375;7;80
376;0;80
376;1;70
376;2;60
376;3;50
376;4;40
376;5;30
376;6;20
376;7;10
377;0;80
377;1;70
377;2;60
377;3;50
377;4;40
377;5;30
377;6;20
377;7;10
378;0;80
378;1;70
378;2;60
378;3;50
378;4;40
378;5;30
378;6;20
378;7;10
379;0;80
379;1;70
379;2;60
379;3;50
379;4;40
379;5;30
379;6;20
379;7;10
380;0;10
380;1;10
380;2;10
380;3;10
380;4;10
380;5;10
380;6;10
380;7;10
381;0;10
381;1;20
381;2;30
381;3;40
381;4;50
381;5;60
381;6;70
381;7;80
382;0;10
382;1;10
382;2;10
382;3;10
382;4;10
382;5;10
382;6;10
382;7;10
383;0;10
383;1;10
383;2;10
383;3;10
383;4;10
383;5;10
383;6;10
383;7;10
384;0;10
384;1;10
384;2;10
384;3;10
384;4;10
384;5;10
384;6;10
384;7;10
385;0;80
385;1;70
385;2;60
385;3;50
385;4;40
385;5;30
385;6;20
385;7;10
386;0;10
386;1;10
386;2;10
386;3;10
386;4;10
386;5;10
386;6;10
386;7;10
387;0;10
387;1;20
387;2;30
387;3;40
387;4;50
387;5;60
387;6;70
387;7;80
388;0;10
388;1;20
388;2;30
388;3;40
388;4;50
388;5;60
388;6;70
388;7;80
389;0;10
389;1;10
389;2;10
389;3;10
389;4;10
389;5;10
389;6;10
389;7;10
390;0;10
390;1;10
390;2;10
390;3;10
390;4;10
390;5;10
390;6;10
390;7;10
391;0;10
391;1;20
391;2;30
391;3;40
391;4;50
391;5;60
391;6;70
391;7;80
392;0;10
392;1;10
392;2;10
392;3;10
392;4;10
392;5;10
392;6;10
392;7;10
393;0;10
393;1;10
393;2;10
393;3;10
393;4;10
393;5;10
393;6;10
393;7;10
394;0;10
394;1;20
394;2;30
394;3;40
394;4;50
394;5;60
394;6;70
394;7;80
395;0;10
395;1;20
395;2;30
395;3;40
395;4;50
395;5;60
395;6;70
395;7;80
396;0;10
396;1;10
396;2;10
396;3;10
396;4;10
396;5;10
396;6;10
396;7;10
397;0;10
397;1;20
397;2;30
397;3;40
397;4;50
397;5;60
397;6;70
397;7;80
398;0;10
398;1;10
398;2;10
398;3;10
398;4;10
398;5;10
398;6;10
398;7;10
399;0;10
399;1;20
399;2;30
399;3;40
399;4;50
399;5;60
399;6;70
399;7;80
400;0;10
400;1;20
400;2;30
400;3;40
400;4;50
400;5;60
400;6;70
400;7;80
401;0;80
401;1;70
401;2;60
401;3;50
401;4;40
401;5;30
401;6;20
401;7;10
402;0;10
402;1;10
402;2;10
402;3;10
402;4;10
402;5;10
402;6;10
402;7;10
403;0;10
403;1;10
403;2;10
403;3;10
403;4;10
403;5;10
403;6;10
403;7;10
404;0;80
404;1;70
404;2;60
404;3;50
404;4;40
404;5;30
404;6;20
404;7;10
405;0;80
405;1;70
405;2;60
405;3;50
405;4;40
405;5;30
405;6;20
405;7;10
406;0;10
406;1;10
406;2;10
406;3;10
406;4;10
406;5;10
406;6;10
406;7;10
407;0;10
407;1;10
407;2;10
407;3;10
407;4;10
407;5;10
407;6;10
407;7;10
408;0;80
408;1;70
408;2;60
408;3;50
408;4;40
408;5;30
408;6;20
408;7;10
409;0;80
409;1;70
409;2;60
409;3;50
409;4;40
409;5;30
409;6;20
409;7;10
410;0;10
410;1;20
410;2;30
410;3;40
410;4;50
410;5;60
410;6;70
410;7;80
411;0;10
411;1;20
411;2;30
411;3;40
411;4;50
411;5;60
411;6;70
411;7;80
412;0;10
412;1;10
412;2;10
412;3;10
412;4;10
412;5;10
412;6;10
412;7;10
413;0;10
413;1;20
413;2;30
413;3;40
413;4;50
413;5;60
413;6;70
413;7;80
414;0;80
414;1;70
414;2;60
414;3;50
414;4;40
414;5;30
414;6;20
414;7;10
415;0;10
415;1;20
415;2;30
415;3;40
415;4;50
415;5;60
415;6;70
415;7;80
416;0;10
416;1;10
416;2;10
416;3;10
416;4;10
416;5;10
416;6;10
416;7;10
417;0;80
417;1;70
417;2;60
417;3;50
417;4;40
417;5;30
417;6;20
417;7;10
418;0;10
418;1;20
418;2;30
418;3;40
418;4;50
418;5;60
418;6;70
418;7;80
419;0;10
419;1;10
419;2;10
419;3;10
419;4;10
419;5;10
419;6;10
419;7;10
420;0;80
420;1;70
420;2;60
420;3;50
420;4;40
420;5;30
420;6;20
420;7;10
421;0;10
421;1;10
421;2;10
421;3;10
421;4;10
421;5;10
421;6;10
421;7;10
422;0;10
422;1;10
422;2;10
422;3;10
422;4;10
422;5;10
422;6;10
422;7;10
423;0;80
423;1;70
423;2;60
423;3;50
423;4;40
423;5;30
423;6;20
423;7;10
424;0;10
424;1;10
424;2;10
424;3;10
424;4;10
424;5;10
424;6;10
424;7;10
425;0;10
425;1;20
425;2;30
425;3;40
425;4;50
425;5;60
425;6;70
425;7;80
426;0;10
426;1;20
426;2;30
426;3;40
426;4;50
426;5;60
426;6;70
426;7;80
427;0;80
427;1;70
427;2;60
427;3;50
427;4;40
427;5;30
427;6;20
427;7;10
428;0;10
428;1;20
428;2;30
428;3;40
428;4;50
428;5;60
428;6;70
428;7;80
429;0;10
429;1;10
429;2;10
429;3;10
429;4;10
429;5;10
429;6;10
429;7;10
430;0;10
430;1;10
430;2;10
430;3;10
430;4;10
430;5;10
430;6;10
430;7;10
431;0;10
431;1;20
431;2;30
431;3;40
431;4;50
431;5;60
431;6;70
431;7;80
432;0;10
432;1;10
432;2;10
432;3;10
432;4;10
432;5;10
432;6;10
432;7;10
433;0;10
433;1;20
433;2;30
433;3;40
433;4;50
433;5;60
433;6;70
433;7;80
434;0;10
434;1;10
434;2;10
434;3;10
434;4;10
434;5;10
434;6;10
434;7;10
435;0;80
435;1;70
435;2;60
435;3;50
435;4;40
435;5;30
435;6;20
435;7;10
436;0;10
436;1;10
436;2;10
436;3;10
436;4;10
436;5;10
436;6;10
436;7;10
437;0;80
437;1;70
437;2;60
437;3;50
437;4;40
437;5;30
437;6;20
437;7;10
438;0;10
438;1;10
438;2;10
438;3;10
438;4;10
438;5;10
438;6;10
438;7;10
439;0;80
439;1;70
439;2;60
439;3;50
439;4;40
439;5;30
439;6;20
439;7;10
440;0;10
440;1;20
440;2;30
440;3;40
440;4;50
440;5;60
440;6;70
440;7;80
441;0;10
441;1;10
441;2;10
441;3;10
441;4;10
441;5;10
441;6;10
441;7;10
442;0;10
442;1;10
442;2;10
442;3;10
442;4;10
442;5;10
442;6;10
442;7;10
443;0;10
443;1;10
443;2;10
443;3;10
443;4;10
443;5;10
443;6;10
443;7;10
444;0;80
444;1;70
444;2;60
444;3;50
444;4;40
444;5;30
444;6;20
444;7;10
445;0;10
445;1;10
445;2;10
445;3;10
445;4;10
445;5;10
445;6;10
445;7;10
446;0;10
446;1;20
446;2;30
446;3;40
446;4;50
446;5;60
446;6;70
446;7;80
447;0;10
447;1;10
447;2;10
447;3;10
447;4;10
447;5;10
447;6;10
447;7;10
448;0;80
448;1;70
448;2;60
448;3;50
448;4;40
448;5;30
448;6;20
448;7;10
449;0;80
449;1;70
449;2;60
449;3;50
449;4;40
449;5;30
449;6;20
449;7;10
450;0;10
450;1;20
450;2;30
450;3;40
450;4;50
450;5;60
450;6;70
450;7;80
451;0;80
451;1;70
451;2;60
451;3;50
451;4;40
451;5;30
451;6;20
451;7;10
452;0;80
452;1;70
452;2;60
452;3;50
452;4;40
452;5;30
452;6;20
452;7;10
453;0;10
453;1;10
453;2;10
453;3;10
453;4;10
453;5;10
453;6;10
453;7;10
454;0;80
454;1;70
454;2;60
454;3;50
454;4;40
454;5;30
454;6;20
454;7;10
455;0;10
455;1;20
455;2;30
455;3;40
455;4;50
455;5;60
455;6;70
455;7;80
456;0;10
456;1;20
456;2;30
456;3;40
456;4;50
456;5;60
456;6;70
456;7;80
457;0;80
457;1;70
457;2;60
457;3;50
457;4;40
457;5;30
457;6;20
457;7;10
458;0;10
458;1;20
458;2;30
458;3;40
458;4;50
458;5;60
458;6;70
458;7;80
