800;400;1914
0;0;10
1;0;50
1;1;100
1;3;10
2;0;10
2;4;10
2;6;70
3;1;10
3;2;50
3;3;50
3;7;100
3;9;100
4;2;100
4;3;10
4;10;100
4;12;10
5;2;50
5;3;50
5;13;70
5;15;100
6;4;70
6;5;50
6;6;50
6;16;70
6;18;100
7;5;50
7;6;10
7;19;70
7;21;70
8;5;70
8;6;100
8;22;70
8;24;50
9;7;50
9;8;100
9;9;50
9;25;50
9;27;10
10;8;50
10;9;100
10;28;50
10;30;50
11;8;100
11;9;100
11;31;70
11;33;50
12;8;10
12;9;10
12;34;10
12;36;100
13;10;70
13;11;50
13;12;50
13;37;10
13;39;70
14;11;100
14;12;100
14;40;50
14;42;70
15;11;70
15;12;50
15;43;50
15;45;10
16;11;50
16;12;100
16;46;10
16;48;100
17;13;100
17;14;100
17;15;70
17;49;70
17;51;50
18;14;100
18;15;70
18;52;10
18;54;10
19;14;70
19;15;50
19;55;50
19;57;70
20;14;50
20;15;70
20;58;10
20;60;70
21;16;100
21;17;70
21;18;70
21;61;10
21;63;100
22;17;70
22;18;100
22;64;50
22;66;50
23;17;100
23;18;70
23;67;70
23;69;100
24;17;100
24;18;10
24;70;70
24;72;10
25;19;70
25;20;10
25;21;50
25;73;100
25;75;70
26;20;70
26;21;50
26;76;70
26;78;100
27;20;100
27;21;100
27;79;50
27;81;70
28;20;70
28;21;50
28;82;10
28;84;10
29;22;70
29;23;100
29;24;70
29;85;100
29;87;70
30;23;50
30;24;70
30;88;50
30;90;10
31;23;50
31;24;50
31;91;10
31;93;50
32;23;10
32;24;10
32;94;10
32;96;50
33;25;70
33;26;70
33;27;10
33;97;10
33;99;70
34;26;70
34;27;10
34;100;10
34;102;10
35;26;100
35;27;50
35;103;70
35;105;70
36;26;50
36;27;70
36;106;10
36;108;100
37;26;10
37;27;100
37;109;50
37;111;100
38;28;50
38;29;10
38;30;10
38;112;70
38;114;70
39;29;100
39;30;50
39;115;50
39;117;50
40;29;50
40;30;100
40;118;70
40;120;50
41;29;10
41;30;10
41;121;10
41;123;100
42;29;10
42;30;10
42;124;100
42;126;100
43;31;10
43;32;10
43;33;50
43;127;50
43;129;50
44;32;70
44;33;70
44;130;10
44;132;50
45;32;100
45;33;50
45;133;100
45;135;10
46;32;10
46;33;50
46;136;10
46;138;70
47;32;100
47;33;50
47;139;100
47;141;70
48;34;50
48;35;100
48;36;70
48;142;70
48;144;70
49;35;70
49;36;70
49;145;70
49;147;70
50;35;50
50;36;70
50;148;10
50;150;50
51;35;70
51;36;10
51;151;10
51;153;50
52;35;10
52;36;10
52;154;70
52;156;50
53;37;10
53;38;70
53;39;50
53;157;70
53;159;50
54;38;100
54;39;100
54;160;10
54;162;50
55;38;70
55;39;100
55;163;70
55;165;100
56;38;100
56;39;50
56;166;50
56;168;70
57;38;10
57;39;50
57;169;50
57;171;100
58;40;70
58;41;50
58;42;70
58;172;100
58;174;50
59;41;50
59;42;10
59;175;100
59;177;10
60;41;50
60;42;10
60;178;10
60;180;70
61;41;100
61;42;70
61;181;70
61;183;70
62;41;10
62;42;100
62;184;100
62;186;70
63;43;50
63;44;50
63;45;100
63;187;50
63;189;70
64;44;10
64;45;100
64;190;10
64;192;100
65;44;70
65;45;100
65;193;70
65;195;50
66;44;70
66;45;70
66;196;50
66;198;70
67;44;50
67;45;10
67;199;70
67;201;50
68;46;10
68;47;10
68;48;100
68;202;50
68;204;70
69;47;10
69;48;50
69;205;50
69;207;70
70;47;100
70;48;50
70;208;10
70;210;10
71;47;70
71;48;70
71;211;70
71;213;70
72;47;50
72;48;70
72;214;100
72;216;10
73;49;10
73;50;70
73;51;100
73;217;10
73;219;50
74;50;100
74;51;100
74;220;10
74;222;10
75;50;70
75;51;10
75;223;70
75;225;50
76;50;10
76;51;70
76;226;10
76;228;10
77;50;50
77;51;70
77;229;10
77;231;70
78;52;10
78;53;70
78;54;50
78;232;100
78;234;50
79;53;70
79;54;50
79;235;50
79;237;70
80;53;10
80;54;10
80;238;10
80;240;50
81;53;70
81;54;70
81;241;10
81;243;10
82;53;50
82;54;50
82;244;70
82;246;10
83;55;50
83;56;50
83;57;70
83;247;50
83;249;70
84;56;10
84;57;100
84;250;70
84;252;100
85;56;70
85;57;10
85;253;100
85;255;50
86;56;100
86;57;100
86;256;100
86;258;100
87;56;70
87;57;100
87;259;10
87;261;100
88;58;10
88;59;100
88;60;10
88;262;100
88;264;50
89;59;70
89;60;70
89;265;100
89;267;100
90;59;10
90;60;70
90;268;10
90;270;50
91;59;100
91;60;70
91;271;100
91;273;70
92;59;70
92;60;10
92;274;100
92;276;50
93;61;50
93;62;70
93;63;100
93;277;70
93;279;70
94;62;10
94;63;100
94;280;10
94;282;50
95;62;70
95;63;50
95;283;50
95;285;10
96;62;70
96;63;70
96;286;10
96;288;70
97;62;100
97;63;10
97;289;10
97;291;10
98;64;50
98;65;100
98;66;50
98;292;10
98;294;100
99;65;50
99;66;50
99;295;50
99;297;50
100;65;50
100;66;10
100;298;100
100;300;70
101;65;50
101;66;10
101;301;100
101;303;10
102;65;50
102;66;50
102;304;100
102;306;100
103;67;10
103;68;100
103;69;10
103;307;10
103;309;50
104;68;10
104;69;100
104;310;100
104;312;10
105;68;10
105;69;100
105;313;10
105;315;70
106;68;100
106;69;10
106;316;100
106;318;70
107;68;10
107;69;50
107;319;10
107;321;70
108;70;10
108;71;70
108;72;50
108;322;100
108;324;50
109;71;50
109;72;100
109;325;100
109;327;100
110;71;70
110;72;10
110;328;10
110;330;10
111;71;10
111;72;50
111;331;10
111;333;70
112;71;100
112;72;100
112;334;70
112;336;50
113;73;50
113;74;10
113;75;100
113;337;70
113;339;50
114;74;10
114;75;70
114;340;70
114;342;50
115;74;70
115;75;50
115;343;50
115;345;10
116;74;70
116;75;70
116;346;10
116;348;70
117;74;10
117;75;100
117;349;10
117;351;70
118;76;10
118;77;10
118;78;10
118;352;10
118;354;70
119;77;70
119;78;70
119;355;50
119;357;70
120;77;100
120;78;70
120;358;10
120;360;10
121;77;10
121;78;50
121;361;70
121;363;50
122;77;50
122;78;70
122;364;70
122;366;70
123;79;100
123;80;10
123;81;70
123;367;70
123;369;100
124;80;70
124;81;100
124;370;100
124;372;10
125;80;100
125;81;50
125;373;100
125;375;50
126;80;50
126;81;10
126;376;100
126;378;70
127;80;50
127;81;50
127;379;10
127;381;70
128;82;10
128;83;50
128;84;100
128;382;70
128;384;100
129;83;100
129;84;70
129;385;50
129;387;70
130;83;100
130;84;70
130;388;10
130;390;50
131;83;100
131;84;50
131;391;100
131;393;50
132;83;50
132;84;70
132;394;70
132;396;10
133;85;50
133;86;50
133;87;100
133;397;100
133;399;70
134;86;50
134;87;100
135;86;10
135;87;50
136;86;10
136;87;70
137;86;50
137;87;10
138;88;100
138;89;10
138;90;100
139;89;70
139;90;10
140;89;10
140;90;10
141;89;70
141;90;70
142;89;10
142;90;50
143;91;10
143;92;50
143;93;100
144;92;70
144;93;10
145;92;70
145;93;50
146;92;10
146;93;10
147;92;70
147;93;50
148;94;70
148;95;50
148;96;70
149;95;50
149;96;70
150;95;100
150;96;70
151;95;100
151;96;50
152;95;10
152;96;70
153;97;70
153;98;70
153;99;10
154;98;100
154;99;70
155;98;50
155;99;10
156;98;10
156;99;50
157;98;70
157;99;100
158;98;50
158;99;10
159;100;50
159;101;50
159;102;10
160;101;50
160;102;10
161;101;50
161;102;10
162;101;10
162;102;70
163;101;50
163;102;100
164;101;100
164;102;50
165;103;70
165;104;10
165;105;100
166;104;10
166;105;100
167;104;10
167;105;100
168;104;10
168;105;100
169;104;10
169;105;50
170;104;10
170;105;10
171;106;50
171;107;50
171;108;70
172;107;50
172;108;70
173;107;50
173;108;10
174;107;100
174;108;50
175;107;70
175;108;50
176;107;100
176;108;10
177;109;10
177;110;10
177;111;100
178;110;10
178;111;10
179;110;10
179;111;100
180;110;100
180;111;50
181;110;10
181;111;100
182;110;10
182;111;100
183;112;100
183;113;100
183;114;50
184;113;50
184;114;50
185;113;70
185;114;100
186;113;10
186;114;100
187;113;100
187;114;50
188;113;70
188;114;100
189;115;100
189;116;70
189;117;50
190;116;70
190;117;100
191;116;10
191;117;70
192;116;10
192;117;50
193;116;10
193;117;10
194;116;70
194;117;50
195;118;70
195;119;100
195;120;50
196;119;10
196;120;50
197;119;100
197;120;100
198;119;100
198;120;100
199;119;50
199;120;100
200;119;50
200;120;50
201;121;100
201;122;70
201;123;10
202;122;70
202;123;70
203;122;70
203;123;50
204;122;50
204;123;10
205;122;100
205;123;100
206;122;10
206;123;100
207;124;100
207;125;10
207;126;50
208;125;10
208;126;100
209;125;50
209;126;50
210;125;50
210;126;50
211;125;70
211;126;10
212;125;10
212;126;100
213;127;70
213;128;10
213;129;70
214;128;50
214;129;100
215;128;10
215;129;100
216;128;70
216;129;100
217;128;70
217;129;10
218;128;10
218;129;50
219;130;100
219;131;100
219;132;50
220;131;50
220;132;50
221;131;100
221;132;100
222;131;70
222;132;100
223;131;10
223;132;50
224;131;70
224;132;10
225;133;50
225;134;70
225;135;100
226;134;100
226;135;100
227;134;70
227;135;10
228;134;50
228;135;10
229;134;10
229;135;10
230;134;50
230;135;10
231;136;50
231;137;100
231;138;100
232;137;50
232;138;10
233;137;10
233;138;50
234;137;70
234;138;50
235;137;10
235;138;50
236;137;70
236;138;70
237;139;100
237;140;50
237;141;100
238;140;70
238;141;10
239;140;100
239;141;10
240;140;10
240;141;10
241;140;10
241;141;70
242;140;50
242;141;10
243;142;100
243;143;70
243;144;10
244;143;10
244;144;70
245;143;50
245;144;50
246;143;100
246;144;100
247;143;50
247;144;70
248;143;50
248;144;50
249;145;50
249;146;100
249;147;50
250;146;100
250;147;10
251;146;100
251;147;50
252;146;70
252;147;100
253;146;10
253;147;50
254;146;50
254;147;100
255;148;70
255;149;50
255;150;50
256;149;100
256;150;50
257;149;70
257;150;50
258;149;50
258;150;50
259;149;70
259;150;100
260;149;50
260;150;70
261;151;100
261;152;50
261;153;100
262;152;50
262;153;10
263;152;10
263;153;70
264;152;50
264;153;100
265;152;70
265;153;100
266;152;50
266;153;50
267;154;70
267;155;10
267;156;50
268;155;10
268;156;10
269;155;70
269;156;70
270;155;100
270;156;70
271;155;10
271;156;10
272;155;10
272;156;10
273;157;70
273;158;50
273;159;100
274;158;10
274;159;10
275;158;100
275;159;70
276;158;50
276;159;50
277;158;70
277;159;70
278;158;10
278;159;50
279;160;70
279;161;50
279;162;100
280;161;70
280;162;100
281;161;70
281;162;70
282;161;70
282;162;50
283;161;70
283;162;50
284;161;10
284;162;100
285;163;50
285;164;100
285;165;70
286;164;70
286;165;50
287;164;70
287;165;50
288;164;100
288;165;100
289;164;70
289;165;50
290;164;100
290;165;100
291;166;50
291;167;100
291;168;50
292;167;10
292;168;50
293;167;70
293;168;50
294;167;100
294;168;50
295;167;50
295;168;100
296;167;50
296;168;100
297;169;100
297;170;70
297;171;70
298;170;70
298;171;70
299;170;10
299;171;100
300;170;10
300;171;70
301;170;50
301;171;100
302;170;10
302;171;10
303;172;100
303;173;50
303;174;100
304;173;10
304;174;70
305;173;50
305;174;100
306;173;50
306;174;100
307;173;10
307;174;70
308;173;50
308;174;50
309;175;50
309;176;100
309;177;10
310;176;50
310;177;50
311;176;70
311;177;50
312;176;70
312;177;50
313;176;70
313;177;70
314;176;10
314;177;50
315;178;100
315;179;100
315;180;50
316;179;100
316;180;100
317;179;70
317;180;10
318;179;70
318;180;50
319;179;70
319;180;100
320;179;10
320;180;70
321;181;50
321;182;50
321;183;70
322;182;10
322;183;100
323;182;100
323;183;70
324;182;50
324;183;50
325;182;50
325;183;10
326;182;100
326;183;50
327;184;10
327;185;100
327;186;50
328;185;10
328;186;70
329;185;70
329;186;100
330;185;50
330;186;50
331;185;50
331;186;70
332;185;10
332;186;50
333;187;50
333;188;70
333;189;50
334;188;100
334;189;10
335;188;50
335;189;10
336;188;70
336;189;10
337;188;70
337;189;70
338;188;100
338;189;100
339;190;50
339;191;50
339;192;50
340;191;70
340;192;100
341;191;100
341;192;10
342;191;70
342;192;50
343;191;10
343;192;10
344;191;70
344;192;70
345;193;70
345;194;100
345;195;100
346;194;50
346;195;70
347;194;50
347;195;10
348;194;10
348;195;100
349;194;100
349;195;70
350;194;50
350;195;50
351;196;50
351;197;70
351;198;100
352;197;10
352;198;100
353;197;10
353;198;10
354;197;100
354;198;100
355;197;100
355;198;10
356;197;100
356;198;100
357;199;100
357;200;50
357;201;50
358;200;10
358;201;50
359;200;10
359;201;50
360;200;70
360;201;50
361;200;50
361;201;10
362;200;50
362;201;50
363;202;50
363;203;100
363;204;70
364;203;10
364;204;10
365;203;100
365;204;100
366;203;100
366;204;100
367;203;100
367;204;10
368;203;70
368;204;10
369;205;10
369;206;70
369;207;100
370;206;100
370;207;100
371;206;70
371;207;100
372;206;10
372;207;10
373;206;70
373;207;70
374;206;100
374;207;100
375;208;50
375;209;100
375;210;70
376;209;70
376;210;100
377;209;70
377;210;100
378;209;70
378;210;70
379;209;10
379;210;100
380;209;70
380;210;70
381;211;50
381;212;100
381;213;70
382;212;100
382;213;10
383;212;10
383;213;10
384;212;100
384;213;50
385;212;10
385;213;50
386;212;70
386;213;10
387;214;10
387;215;10
387;216;10
388;215;70
388;216;50
389;215;70
389;216;50
390;215;70
390;216;100
391;215;50
391;216;100
392;215;100
392;216;10
393;217;70
393;218;70
393;219;50
394;218;10
394;219;10
395;218;10
395;219;70
396;218;10
396;219;100
397;218;50
397;219;100
398;218;10
398;219;50
399;220;10
399;221;100
399;222;70
400;221;10
400;222;70
401;221;50
401;222;50
402;221;70
402;222;70
403;221;70
403;222;10
404;221;10
404;222;50
405;223;70
405;224;10
405;225;70
406;224;50
406;225;10
407;224;100
407;225;100
408;224;10
408;225;10
409;224;10
409;225;10
410;224;50
410;225;70
411;226;100
411;227;50
411;228;100
412;227;100
412;228;10
413;227;10
413;228;70
414;227;70
414;228;50
415;227;70
415;228;100
416;227;70
416;228;50
417;229;70
417;230;50
417;231;50
418;230;50
418;231;70
419;230;70
419;231;100
420;230;50
420;231;10
421;230;100
421;231;10
422;230;10
422;231;50
423;232;70
423;233;50
423;234;50
424;233;50
424;234;10
425;233;10
425;234;100
426;233;10
426;234;50
427;233;50
427;234;50
428;233;10
428;234;70
429;235;100
429;236;10
429;237;70
430;236;70
430;237;10
431;236;10
431;237;100
432;236;10
432;237;70
433;236;70
433;237;100
434;236;70
434;237;50
435;238;50
435;239;50
435;240;70
436;239;10
436;240;70
437;239;10
437;240;100
438;239;10
438;240;70
439;239;70
439;240;10
440;239;50
440;240;50
441;241;100
441;242;70
441;243;50
442;242;100
442;243;10
443;242;10
443;243;50
444;242;70
444;243;70
445;242;50
445;243;50
446;242;50
446;243;70
447;244;50
447;245;10
447;246;70
448;245;10
448;246;70
449;245;70
449;246;50
450;245;50
450;246;70
451;245;70
451;246;70
452;245;10
452;246;70
453;247;70
453;248;10
453;249;100
454;248;70
454;249;10
455;248;70
455;249;100
456;248;10
456;249;70
457;248;10
457;249;100
458;248;50
458;249;70
459;250;10
459;251;10
459;252;70
460;251;70
460;252;70
461;251;50
461;252;50
462;251;50
462;252;100
463;251;50
463;252;10
464;251;50
464;252;100
465;253;50
465;254;50
465;255;50
466;254;100
466;255;100
467;254;10
467;255;50
468;254;10
468;255;50
469;254;100
469;255;50
470;254;100
470;255;10
471;256;10
471;257;70
471;258;70
472;257;10
472;258;50
473;257;50
473;258;10
474;257;50
474;258;70
475;257;100
475;258;70
476;257;100
476;258;50
477;259;50
477;260;100
477;261;10
478;260;50
478;261;100
479;260;10
479;261;50
480;260;100
480;261;100
481;260;70
481;261;10
482;260;100
482;261;70
483;262;10
483;263;100
483;264;50
484;263;50
484;264;50
485;263;70
485;264;70
486;263;10
486;264;100
487;263;70
487;264;10
488;263;100
488;264;70
489;265;10
489;266;100
489;267;70
490;266;100
490;267;70
491;266;100
491;267;100
492;266;70
492;267;50
493;266;100
493;267;50
494;266;100
494;267;100
495;268;50
495;269;100
495;270;50
496;269;50
496;270;10
497;269;100
497;270;10
498;269;10
498;270;70
499;269;50
499;270;70
500;269;70
500;270;70
501;271;50
501;272;70
501;273;50
502;272;100
502;273;10
503;272;70
503;273;70
504;272;50
504;273;10
505;272;100
505;273;100
506;272;70
506;273;100
507;274;50
507;275;50
507;276;70
508;275;10
508;276;100
509;275;100
509;276;10
510;275;70
510;276;50
511;275;100
511;276;100
512;275;50
512;276;100
513;277;50
513;278;10
513;279;70
514;278;70
514;279;100
515;278;70
515;279;70
516;278;100
516;279;70
517;278;70
517;279;100
518;278;50
518;279;100
519;280;70
519;281;100
519;282;10
520;281;50
520;282;70
521;281;10
521;282;10
522;281;70
522;282;70
523;281;100
523;282;100
524;281;70
524;282;70
525;283;70
525;284;10
525;285;50
526;284;50
526;285;100
527;284;70
527;285;70
528;284;70
528;285;70
529;284;100
529;285;10
530;284;10
530;285;70
531;286;50
531;287;10
531;288;70
532;287;100
532;288;10
533;287;50
533;288;100
534;287;70
534;288;100
535;287;10
535;288;70
536;287;100
536;288;70
537;289;100
537;290;100
537;291;10
538;290;70
538;291;100
539;290;70
539;291;70
540;290;100
540;291;70
541;290;10
541;291;50
542;290;70
542;291;10
543;292;50
543;293;10
543;294;50
544;293;50
544;294;50
545;293;70
545;294;10
546;293;100
546;294;100
547;293;100
547;294;10
548;293;70
548;294;70
549;295;70
549;296;10
549;297;10
550;296;100
550;297;10
551;296;70
551;297;50
552;296;50
552;297;50
553;296;100
553;297;70
554;296;70
554;297;70
555;298;70
555;299;50
555;300;70
556;299;50
556;300;70
557;299;10
557;300;70
558;299;100
558;300;100
559;299;100
559;300;100
560;299;70
560;300;70
561;301;100
561;302;10
561;303;10
562;302;50
562;303;100
563;302;70
563;303;10
564;302;100
564;303;70
565;302;50
565;303;100
566;302;10
566;303;50
567;304;10
567;305;100
567;306;100
568;305;50
568;306;70
569;305;50
569;306;50
570;305;70
570;306;10
571;305;100
571;306;100
572;305;70
572;306;100
573;307;10
573;308;10
573;309;100
574;308;50
574;309;10
575;308;100
575;309;100
576;308;10
576;309;70
577;308;50
577;309;10
578;308;100
578;309;10
579;310;50
579;311;10
579;312;10
580;311;70
580;312;50
581;311;10
581;312;100
582;311;100
582;312;70
583;311;100
583;312;100
584;311;100
584;312;10
585;313;70
585;314;100
585;315;50
586;314;100
586;315;100
587;314;100
587;315;100
588;314;100
588;315;10
589;314;10
589;315;10
590;314;70
590;315;100
591;316;100
591;317;50
591;318;70
592;317;50
592;318;50
593;317;50
593;318;70
594;317;50
594;318;10
595;317;10
595;318;70
596;317;70
596;318;100
597;319;50
597;320;50
597;321;50
598;320;10
598;321;100
599;320;100
599;321;10
600;320;100
600;321;50
601;320;100
601;321;70
602;320;50
602;321;50
603;322;10
603;323;10
603;324;100
604;323;50
604;324;50
605;323;50
605;324;70
606;323;70
606;324;50
607;323;100
607;324;50
608;323;50
608;324;70
609;325;100
609;326;50
609;327;100
610;326;100
610;327;70
611;326;10
611;327;50
612;326;10
612;327;10
613;326;70
613;327;70
614;326;50
614;327;10
615;328;50
615;329;70
615;330;100
616;329;100
616;330;50
617;329;50
617;330;50
618;329;100
618;330;10
619;329;10
619;330;10
620;329;70
620;330;10
621;331;10
621;332;10
621;333;100
622;332;10
622;333;70
623;332;50
623;333;100
624;332;50
624;333;100
625;332;70
625;333;50
626;332;50
626;333;100
627;334;100
627;335;70
627;336;100
628;335;100
628;336;100
629;335;50
629;336;70
630;335;70
630;336;10
631;335;70
631;336;70
632;335;70
632;336;100
633;337;100
633;338;10
633;339;50
634;338;100
634;339;50
635;338;100
635;339;70
636;338;70
636;339;50
637;338;10
637;339;70
638;338;100
638;339;10
639;340;100
639;341;50
639;342;50
640;341;50
640;342;50
641;341;70
641;342;10
642;341;10
642;342;10
643;341;100
643;342;10
644;341;50
644;342;100
645;343;50
645;344;70
645;345;100
646;344;100
646;345;10
647;344;100
647;345;70
648;344;100
648;345;10
649;344;10
649;345;10
650;344;10
650;345;70
651;346;50
651;347;70
651;348;70
652;347;100
652;348;100
653;347;70
653;348;70
654;347;50
654;348;100
655;347;10
655;348;50
656;347;50
656;348;100
657;349;100
657;350;70
657;351;70
658;350;70
658;351;50
659;350;70
659;351;10
660;350;10
660;351;50
661;350;100
661;351;100
662;350;50
662;351;10
663;352;100
663;353;70
663;354;70
664;353;70
664;354;10
665;353;100
665;354;70
666;353;50
666;354;50
667;353;70
667;354;100
668;353;50
668;354;10
669;355;70
669;356;50
669;357;10
670;356;50
670;357;100
671;356;100
671;357;100
672;356;10
672;357;10
673;356;50
673;357;70
674;356;70
674;357;50
675;358;100
675;359;10
675;360;10
676;359;10
676;360;10
677;359;50
677;360;50
678;359;70
678;360;70
679;359;70
679;360;50
680;359;100
680;360;10
681;361;70
681;362;50
681;363;10
682;362;100
682;363;50
683;362;70
683;363;10
684;362;10
684;363;100
685;362;10
685;363;50
686;362;70
686;363;10
687;364;70
687;365;100
687;366;70
688;365;10
688;366;100
689;365;100
689;366;50
690;365;70
690;366;100
691;365;100
691;366;10
692;365;50
692;366;100
693;367;10
693;368;50
693;369;100
694;368;50
694;369;70
695;368;100
695;369;70
696;368;100
696;369;70
697;368;50
697;369;70
698;368;100
698;369;100
699;370;100
699;371;70
699;372;70
700;371;10
700;372;100
701;371;10
701;372;100
702;371;10
702;372;100
703;371;10
703;372;100
704;371;70
704;372;50
705;373;10
705;374;100
705;375;70
706;374;70
706;375;10
707;374;50
707;375;100
708;374;70
708;375;70
709;374;10
709;375;70
710;374;70
710;375;70
711;376;10
711;377;50
711;378;100
712;377;50
712;378;50
713;377;10
713;378;10
714;377;50
714;378;50
715;377;10
715;378;50
716;377;100
716;378;100
717;379;10
717;380;70
717;381;10
718;380;10
718;381;100
719;380;10
719;381;100
720;380;50
720;381;50
721;380;10
721;381;100
722;380;70
722;381;50
723;382;50
723;383;70
723;384;10
724;383;50
724;384;10
725;383;50
725;384;50
726;383;10
726;384;100
727;383;70
727;384;10
728;383;50
728;384;70
729;385;10
729;386;70
729;387;50
730;386;70
730;387;70
731;386;50
731;387;10
732;386;10
732;387;10
733;386;70
733;387;100
734;386;70
734;387;100
735;388;70
735;389;50
735;390;50
736;389;100
736;390;10
737;389;50
737;390;70
738;389;50
738;390;100
739;389;100
739;390;100
740;389;50
740;390;70
741;391;100
741;392;50
741;393;100
742;392;100
742;393;10
743;392;50
743;393;50
744;392;70
744;393;10
745;392;70
745;393;50
746;392;10
746;393;10
747;394;100
747;395;10
747;396;100
748;395;100
748;396;100
749;395;100
749;396;50
750;395;10
750;396;10
751;395;50
751;396;70
752;395;100
752;396;50
753;397;100
753;398;70
753;399;70
754;398;50
754;399;100
755;398;50
755;399;50
756;398;50
756;399;70
757;398;50
757;399;10
758;398;50
758;399;10
0;0;80
0;1;70
0;2;60
0;3;50
0;4;40
0;5;30
0;6;20
0;7;10
1;0;10
1;1;10
1;2;10
1;3;10
1;4;10
1;5;10
1;6;10
1;7;10
2;0;10
2;1;10
2;2;10
2;3;10
2;4;10
2;5;10
2;6;10
2;7;10
3;0;10
3;1;10
3;2;10
3;3;10
3;4;10
3;5;10
3;6;10
3;7;10
4;0;80
4;1;70
4;2;60
4;3;50
4;4;40
4;5;30
4;6;20
4;7;10
5;0;10
5;1;10
5;2;10
5;3;10
5;4;10
5;5;10
5;6;10
5;7;10
6;0;80
6;1;70
6;2;60
6;3;50
6;4;40
6;5;30
6;6;20
6;7;10
7;0;80
7;1;70
7;2;60
7;3;50
7;4;40
7;5;30
7;6;20
7;7;10
8;0;80
8;1;70
8;2;60
8;3;50
8;4;40
8;5;30
8;6;20
8;7;10
9;0;10
9;1;10
9;2;10
9;3;10
9;4;10
9;5;10
9;6;10
9;7;10
10;0;10
10;1;10
10;2;10
10;3;10
10;4;10
10;5;10
10;6;10
10;7;10
11;0;10
11;1;10
11;2;10
11;3;10
11;4;10
11;5;10
11;6;10
11;7;10
12;0;10
12;1;20
12;2;30
12;3;40
12;4;50
12;5;60
12;6;70
12;7;80
13;0;80
13;1;70
13;2;60
13;3;50
13;4;40
13;5;30
13;6;20
13;7;10
14;0;80
14;1;70
14;2;60
14;3;50
14;4;40
14;5;30
14;6;20
14;7;10
15;0;10
15;1;20
15;2;30
15;3;40
15;4;50
15;5;60
15;6;70
15;7;80
16;0;10
16;1;20
16;2;30
16;3;40
16;4;50
16;5;60
16;6;70
16;7;80
17;0;80
17;1;70
17;2;60
17;3;50
17;4;40
17;5;30
17;6;20
17;7;10
18;0;10
18;1;20
18;2;30
18;3;40
18;4;50
18;5;60
18;6;70
18;7;80
19;0;80
19;1;70
19;2;60
19;3;50
19;4;40
19;5;30
19;6;20
19;7;10
20;0;10
20;1;20
20;2;30
20;3;40
20;4;50
20;5;60
20;6;70
20;7;80
21;0;80
21;1;70
21;2;60
21;3;50
21;4;40
21;5;30
21;6;20
21;7;10
22;0;80
22;1;70
22;2;60
22;3;50
22;4;40
22;5;30
22;6;20
22;7;10
23;0;10
23;1;20
23;2;30
23;3;40
23;4;50
23;5;60
23;6;70
23;7;80
24;0;80
24;1;70
24;2;60
24;3;50
24;4;40
24;5;30
24;6;20
24;7;10
25;0;10
25;1;10
25;2;10
25;3;10
25;4;10
25;5;10
25;6;10
25;7;10
26;0;80
26;1;70
26;2;60
26;3;50
26;4;40
26;5;30
26;6;20
26;7;10
27;0;10
27;1;20
27;2;30
27;3;40
27;4;50
27;5;60
27;6;70
27;7;80
28;0;80
28;1;70
28;2;60
28;3;50
28;4;40
28;5;30
28;6;20
28;7;10
29;0;10
29;1;20
29;2;30
29;3;40
29;4;50
29;5;60
29;6;70
29;7;80
30;0;10
30;1;10
30;2;10
30;3;10
30;4;10
30;5;10
30;6;10
30;7;10
31;0;10
31;1;10
31;2;10
31;3;10
31;4;10
31;5;10
31;6;10
31;7;10
32;0;10
32;1;10
32;2;10
32;3;10
32;4;10
32;5;10
32;6;10
32;7;10
33;0;10
33;1;20
33;2;30
33;3;40
33;4;50
33;5;60
33;6;70
33;7;80
34;0;10
34;1;10
34;2;10
34;3;10
34;4;10
34;5;10
34;6;10
34;7;10
35;0;10
35;1;20
35;2;30
35;3;40
35;4;50
35;5;60
35;6;70
35;7;80
36;0;10
36;1;10
36;2;10
36;3;10
36;4;10
36;5;10
36;6;10
36;7;10
37;0;10
37;1;10
37;2;10
37;3;10
37;4;10
37;5;10
37;6;10
37;7;10
38;0;80
38;1;70
38;2;60
38;3;50
38;4;40
38;5;30
38;6;20
38;7;10
39;0;80
39;1;70
39;2;60
39;3;50
39;4;40
39;5;30
39;6;20
39;7;10
40;0;80
40;1;70
40;2;60
40;3;50
40;4;40
40;5;30
40;6;20
40;7;10
41;0;80
41;1;70
41;2;60
41;3;50
41;4;40
41;5;30
41;6;20
41;7;10
42;0;80
42;1;70
42;2;60
42;3;50
42;4;40
42;5;30
42;6;20
42;7;10
43;0;10
43;1;10
43;2;10
43;3;10
43;4;10
43;5;10
43;6;10
43;7;10
44;0;10
44;1;10
44;2;10
44;3;10
44;4;10
44;5;10
44;6;10
44;7;10
45;0;80
45;1;70
45;2;60
45;3;50
45;4;40
45;5;30
45;6;20
45;7;10
46;0;80
46;1;70
46;2;60
46;3;50
46;4;40
46;5;30
46;6;20
46;7;10
47;0;10
47;1;20
47;2;30
47;3;40
47;4;50
47;5;60
47;6;70
47;7;80
48;0;10
48;1;10
48;2;10
48;3;10
48;4;10
48;5;10
48;6;10
48;7;10
49;0;10
49;1;20
49;2;30
49;3;40
49;4;50
49;5;60
49;6;70
49;7;80
50;0;10
50;1;10
50;2;10
50;3;10
50;4;10
50;5;10
50;6;10
50;7;10
51;0;10
51;1;10
51;2;10
51;3;10
51;4;10
51;5;10
51;6;10
51;7;10
52;0;10
52;1;10
52;2;10
52;3;10
52;4;10
52;5;10
52;6;10
52;7;10
53;0;10
53;1;10
53;2;10
53;3;10
53;4;10
53;5;10
53;6;10
53;7;10
54;0;10
54;1;10
54;2;10
54;3;10
54;4;10
54;5;10
54;6;10
54;7;10
55;0;10
55;1;10
55;2;10
55;3;10
55;4;10
55;5;10
55;6;10
55;7;10
56;0;10
56;1;20
56;2;30
56;3;40
56;4;50
56;5;60
56;6;70
56;7;80
57;0;10
57;1;10
57;2;10
57;3;10
57;4;10
57;5;10
57;6;10
57;7;10
58;0;10
58;1;20
58;2;30
58;3;40
58;4;50
58;5;60
58;6;70
58;7;80
59;0;10
59;1;20
59;2;30
59;3;40
59;4;50
59;5;60
59;6;70
59;7;80
60;0;10
60;1;10
60;2;10
60;3;10
60;4;10
60;5;10
60;6;10
60;7;10
61;0;10
61;1;10
61;2;10
61;3;10
61;4;10
61;5;10
61;6;10
61;7;10
62;0;10
62;1;10
62;2;10
62;3;10
62;4;10
62;5;10
62;6;10
62;7;10
63;0;10
63;1;20
63;2;30
63;3;40
63;4;50
63;5;60
63;6;70
63;7;80
64;0;10
64;1;10
64;2;10
64;3;10
64;4;10
64;5;10
64;6;10
64;7;10
65;0;80
65;1;70
65;2;60
65;3;50
65;4;40
65;5;30
65;6;20
65;7;10
66;0;10
66;1;20
66;2;30
66;3;40
66;4;50
66;5;60
66;6;70
66;7;80
67;0;80
67;1;70
67;2;60
67;3;50
67;4;40
67;5;30
67;6;20
67;7;10
68;0;80
68;1;70
68;2;60
68;3;50
68;4;40
68;5;30
68;6;20
68;7;10
69;0;10
69;1;10
69;2;10
69;3;10
69;4;10
69;5;10
69;6;10
69;7;10
70;0;10
70;1;20
70;2;30
70;3;40
70;4;50
70;5;60
70;6;70
70;7;80
71;0;80
71;1;70
71;2;60
71;3;50
71;4;40
71;5;30
71;6;20
71;7;10
72;0;80
72;1;70
72;2;60
72;3;50
72;4;40
72;5;30
72;6;20
72;7;10
73;0;10
73;1;20
73;2;30
73;3;40
73;4;50
73;5;60
73;6;70
73;7;80
74;0;10
74;1;20
74;2;30
74;3;40
74;4;50
74;5;60
74;6;70
74;7;80
75;0;10
75;1;20
75;2;30
75;3;40
75;4;50
75;5;60
75;6;70
75;7;80
76;0;80
76;1;70
76;2;60
76;3;50
76;4;40
76;5;30
76;6;20
76;7;10
77;0;80
77;1;70
77;2;60
77;3;50
77;4;40
77;5;30
77;6;20
77;7;10
78;0;10
78;1;10
78;2;10
78;3;10
78;4;10
78;5;10
78;6;10
78;7;10
79;0;80
79;1;70
79;2;60
79;3;50
79;4;40
79;5;30
79;6;20
79;7;10
80;0;80
80;1;70
80;2;60
80;3;50
80;4;40
80;5;30
80;6;20
80;7;10
81;0;10
81;1;10
81;2;10
81;3;10
81;4;10
81;5;10
81;6;10
81;7;10
82;0;10
82;1;10
82;2;10
82;3;10
82;4;10
82;5;10
82;6;10
82;7;10
83;0;10
83;1;20
83;2;30
83;3;40
83;4;50
83;5;60
83;6;70
83;7;80
84;0;10
84;1;20
84;2;30
84;3;40
84;4;50
84;5;60
84;6;70
84;7;80
85;0;10
85;1;10
85;2;10
85;3;10
85;4;10
85;5;10
85;6;10
85;7;10
86;0;10
86;1;20
86;2;30
86;3;40
86;4;50
86;5;60
86;6;70
86;7;80
87;0;10
87;1;10
87;2;10
87;3;10
87;4;10
87;5;10
87;6;10
87;7;10
88;0;10
88;1;20
88;2;30
88;3;40
88;4;50
88;5;60
88;6;70
88;7;80
89;0;80
89;1;70
89;2;60
89;3;50
89;4;40
89;5;30
89;6;20
89;7;10
90;0;80
90;1;70
90;2;60
90;3;50
90;4;40
90;5;30
90;6;20
90;7;10
91;0;10
91;1;20
91;2;30
91;3;40
91;4;50
91;5;60
91;6;70
91;7;80
92;0;80
92;1;70
92;2;60
92;3;50
92;4;40
92;5;30
92;6;20
92;7;10
93;0;10
93;1;20
93;2;30
93;3;40
93;4;50
93;5;60
93;6;70
93;7;80
94;0;80
94;1;70
94;2;60
94;3;50
94;4;40
94;5;30
94;6;20
94;7;10
95;0;10
95;1;10
95;2;10
95;3;10
95;4;10
95;5;10
95;6;10
95;7;10
96;0;10
96;1;20
96;2;30
96;3;40
96;4;50
96;5;60
96;6;70
96;7;80
97;0;10
97;1;20
97;2;30
97;3;40
97;4;50
97;5;60
97;6;70
97;7;80
98;0;10
98;1;10
98;2;10
98;3;10
98;4;10
98;5;10
98;6;10
98;7;10
99;0;10
99;1;10
99;2;10
99;3;10
99;4;10
99;5;10
99;6;10
99;7;10
100;0;10
100;1;20
100;2;30
100;3;40
100;4;50
100;5;60
100;6;70
100;7;80
101;0;10
101;1;20
101;2;30
101;3;40
101;4;50
101;5;60
101;6;70
101;7;80
102;0;10
102;1;20
102;2;30
102;3;40
102;4;50
102;5;60
102;6;70
102;7;80
103;0;10
103;1;20
103;2;30
103;3;40
103;4;50
103;5;60
103;6;70
103;7;80
104;0;10
104;1;10
104;2;10
104;3;10
104;4;10
104;5;10
104;6;10
104;7;10
105;0;10
105;1;10
105;2;10
105;3;10
105;4;10
105;5;10
105;6;10
105;7;10
106;0;10
106;1;10
106;2;10
106;3;10
106;4;10
106;5;10
106;6;10
106;7;10
107;0;10
107;1;10
107;2;10
107;3;10
107;4;10
107;5;10
107;6;10
107;7;10
108;0;80
108;1;70
108;2;60
108;3;50
108;4;40
108;5;30
108;6;20
108;7;10
109;0;10
109;1;20
109;2;30
109;3;40
109;4;50
109;5;60
109;6;70
109;7;80
110;0;10
110;1;20
110;2;30
110;3;40
110;4;50
110;5;60
110;6;70
110;7;80
111;0;80
111;1;70
111;2;60
111;3;50
111;4;40
111;5;30
111;6;20
111;7;10
112;0;10
112;1;10
112;2;10
112;3;10
112;4;10
112;5;10
112;6;10
112;7;10
113;0;10
113;1;10
113;2;10
113;3;10
113;4;10
113;5;10
113;6;10
113;7;10
114;0;10
114;1;10
114;2;10
114;3;10
114;4;10
114;5;10
114;6;10
114;7;10
115;0;10
115;1;20
115;2;30
115;3;40
115;4;50
115;5;60
115;6;70
115;7;80
116;0;10
116;1;10
116;2;10
116;3;10
116;4;10
116;5;10
116;6;10
116;7;10
117;0;10
117;1;20
117;2;30
117;3;40
117;4;50
117;5;60
117;6;70
117;7;80
118;0;10
118;1;20
118;2;30
118;3;40
118;4;50
118;5;60
118;6;70
118;7;80
119;0;80
119;1;70
119;2;60
119;3;50
119;4;40
119;5;30
119;6;20
119;7;10
120;0;10
120;1;10
120;2;10
120;3;10
120;4;10
120;5;10
120;6;10
120;7;10
121;0;80
121;1;70
121;2;60
121;3;50
121;4;40
121;5;30
121;6;20
121;7;10
122;0;10
122;1;10
122;2;10
122;3;10
122;4;10
122;5;10
122;6;10
122;7;10
123;0;10
123;1;20
123;2;30
123;3;40
123;4;50
123;5;60
123;6;70
123;7;80
124;0;10
124;1;20
124;2;30
124;3;40
124;4;50
124;5;60
124;6;70
124;7;80
125;0;10
125;1;20
125;2;30
125;3;40
125;4;50
125;5;60
125;6;70
125;7;80
126;0;10
126;1;10
126;2;10
126;3;10
126;4;10
126;5;10
126;6;10
126;7;10
127;0;10
127;1;10
127;2;10
127;3;10
127;4;10
127;5;10
127;6;10
127;7;10
128;0;10
128;1;20
128;2;30
128;3;40
128;4;50
128;5;60
128;6;70
128;7;80
129;0;10
129;1;10
129;2;10
129;3;10
129;4;10
129;5;10
129;6;10
129;7;10
130;0;10
130;1;10
130;2;10
130;3;10
130;4;10
130;5;10
130;6;10
130;7;10
131;0;10
131;1;20
131;2;30
131;3;40
131;4;50
131;5;60
131;6;70
131;7;80
132;0;10
132;1;20
132;2;30
132;3;40
132;4;50
132;5;60
132;6;70
132;7;80
133;0;10
133;1;20
133;2;30
133;3;40
133;4;50
133;5;60
133;6;70
133;7;80
134;0;10
134;1;20
134;2;30
134;3;40
134;4;50
134;5;60
134;6;70
134;7;80
135;0;10
135;1;20
135;2;30
135;3;40
135;4;50
135;5;60
135;6;70
135;7;80
136;0;10
136;1;10
136;2;10
136;3;10
136;4;10
136;5;10
136;6;10
136;7;10
137;0;10
137;1;10
137;2;10
137;3;10
137;4;10
137;5;10
137;6;10
137;7;10
138;0;10
138;1;20
138;2;30
138;3;40
138;4;50
138;5;60
138;6;70
138;7;80
139;0;10
139;1;20
139;2;30
139;3;40
139;4;50
139;5;60
139;6;70
139;7;80
140;0;10
140;1;20
140;2;30
140;3;40
140;4;50
140;5;60
140;6;70
140;7;80
141;0;10
141;1;10
141;2;10
141;3;10
141;4;10
141;5;10
141;6;10
141;7;10
142;0;80
142;1;70
142;2;60
142;3;50
142;4;40
142;5;30
142;6;20
142;7;10
143;0;80
143;1;70
143;2;60
143;3;50
143;4;40
143;5;30
143;6;20
143;7;10
144;0;80
144;1;70
144;2;60
144;3;50
144;4;40
144;5;30
144;6;20
144;7;10
145;0;10
145;1;20
145;2;30
145;3;40
145;4;50
145;5;60
145;6;70
145;7;80
146;0;10
146;1;10
146;2;10
146;3;10
146;4;10
146;5;10
146;6;10
146;7;10
147;0;80
147;1;70
147;2;60
147;3;50
147;4;40
147;5;30
147;6;20
147;7;10
148;0;80
148;1;70
148;2;60
148;3;50
148;4;40
148;5;30
148;6;20
148;7;10
149;0;10
149;1;20
149;2;30
149;3;40
149;4;50
149;5;60
149;6;70
149;7;80
150;0;80
150;1;70
150;2;60
150;3;50
150;4;40
150;5;30
150;6;20
150;7;10
151;0;10
151;1;10
151;2;10
151;3;10
151;4;10
151;5;10
151;6;10
151;7;10
152;0;80
152;1;70
152;2;60
152;3;50
152;4;40
152;5;30
152;6;20
152;7;10
153;0;80
153;1;70
153;2;60
153;3;50
153;4;40
153;5;30
153;6;20
153;7;10
154;0;10
154;1;10
154;2;10
154;3;10
154;4;10
154;5;10
154;6;10
154;7;10
155;0;10
155;1;10
155;2;10
155;3;10
155;4;10
155;5;10
155;6;10
155;7;10
156;0;10
156;1;10
156;2;10
156;3;10
156;4;10
156;5;10
156;6;10
156;7;10
157;0;80
157;1;70
157;2;60
157;3;50
157;4;40
157;5;30
157;6;20
157;7;10
158;0;10
158;1;10
158;2;10
158;3;10
158;4;10
158;5;10
158;6;10
158;7;10
159;0;10
159;1;10
159;2;10
159;3;10
159;4;10
159;5;10
159;6;10
159;7;10
160;0;10
160;1;20
160;2;30
160;3;40
160;4;50
160;5;60
160;6;70
160;7;80
161;0;10
161;1;10
161;2;10
161;3;10
161;4;10
161;5;10
161;6;10
161;7;10
162;0;80
162;1;70
162;2;60
162;3;50
162;4;40
162;5;30
162;6;20
162;7;10
163;0;10
163;1;10
163;2;10
163;3;10
163;4;10
163;5;10
163;6;10
163;7;10
164;0;80
164;1;70
164;2;60
164;3;50
164;4;40
164;5;30
164;6;20
164;7;10
165;0;10
165;1;10
165;2;10
165;3;10
165;4;10
165;5;10
165;6;10
165;7;10
166;0;10
166;1;10
166;2;10
166;3;10
166;4;10
166;5;10
166;6;10
166;7;10
167;0;10
167;1;10
167;2;10
167;3;10
167;4;10
167;5;10
167;6;10
167;7;10
168;0;10
168;1;20
168;2;30
168;3;40
168;4;50
168;5;60
168;6;70
168;7;80
169;0;80
169;1;70
169;2;60
169;3;50
169;4;40
169;5;30
169;6;20
169;7;10
170;0;10
170;1;10
170;2;10
170;3;10
170;4;10
170;5;10
170;6;10
170;7;10
171;0;80
171;1;70
171;2;60
171;3;50
171;4;40
171;5;30
171;6;20
171;7;10
172;0;80
172;1;70
172;2;60
172;3;50
172;4;40
172;5;30
172;6;20
172;7;10
173;0;10
173;1;20
173;2;30
173;3;40
173;4;50
173;5;60
173;6;70
173;7;80
174;0;10
174;1;20
174;2;30
174;3;40
174;4;50
174;5;60
174;6;70
174;7;80
175;0;80
175;1;70
175;2;60
175;3;50
175;4;40
175;5;30
175;6;20
175;7;10
176;0;10
176;1;10
176;2;10
176;3;10
176;4;10
176;5;10
176;6;10
176;7;10
177;0;10
177;1;20
177;2;30
177;3;40
177;4;50
177;5;60
177;6;70
177;7;80
178;0;80
178;1;70
178;2;60
178;3;50
178;4;40
178;5;30
178;6;20
178;7;10
179;0;10
179;1;10
179;2;10
179;3;10
179;4;10
179;5;10
179;6;10
179;7;10
180;0;80
180;1;70
180;2;60
180;3;50
180;4;40
180;5;30
180;6;20
180;7;10
181;0;10
181;1;20
181;2;30
181;3;40
181;4;50
181;5;60
181;6;70
181;7;80
182;0;10
182;1;20
182;2;30
182;3;40
182;4;50
182;5;60
182;6;70
182;7;80
183;0;80
183;1;70
183;2;60
183;3;50
183;4;40
183;5;30
183;6;20
183;7;10
184;0;80
184;1;70
184;2;60
184;3;50
184;4;40
184;5;30
184;6;20
184;7;10
185;0;10
185;1;10
185;2;10
185;3;10
185;4;10
185;5;10
185;6;10
185;7;10
186;0;10
186;1;20
186;2;30
186;3;40
186;4;50
186;5;60
186;6;70
186;7;80
187;0;80
187;1;70
187;2;60
187;3;50
187;4;40
187;5;30
187;6;20
187;7;10
188;0;10
188;1;10
188;2;10
188;3;10
188;4;10
188;5;10
188;6;10
188;7;10
189;0;10
189;1;10
189;2;10
189;3;10
189;4;10
189;5;10
189;6;10
189;7;10
190;0;10
190;1;10
190;2;10
190;3;10
190;4;10
190;5;10
190;6;10
190;7;10
191;0;10
191;1;10
191;2;10
191;3;10
191;4;10
191;5;10
191;6;10
191;7;10
192;0;10
192;1;20
192;2;30
192;3;40
192;4;50
192;5;60
192;6;70
192;7;80
193;0;10
193;1;20
193;2;30
193;3;40
193;4;50
193;5;60
193;6;70
193;7;80
194;0;10
194;1;20
194;2;30
194;3;40
194;4;50
194;5;60
194;6;70
194;7;80
195;0;10
195;1;20
195;2;30
195;3;40
195;4;50
195;5;60
195;6;70
195;7;80
196;0;10
196;1;10
196;2;10
196;3;10
196;4;10
196;5;10
196;6;10
196;7;10
197;0;80
197;1;70
197;2;60
197;3;50
197;4;40
197;5;30
197;6;20
197;7;10
198;0;10
198;1;10
198;2;10
198;3;10
198;4;10
198;5;10
198;6;10
198;7;10
199;0;10
199;1;20
199;2;30
199;3;40
199;4;50
199;5;60
199;6;70
199;7;80
200;0;10
200;1;20
200;2;30
200;3;40
200;4;50
200;5;60
200;6;70
200;7;80
201;0;80
201;1;70
201;2;60
201;3;50
201;4;40
201;5;30
201;6;20
201;7;10
202;0;10
202;1;10
202;2;10
202;3;10
202;4;10
202;5;10
202;6;10
202;7;10
203;0;80
203;1;70
203;2;60
203;3;50
203;4;40
203;5;30
203;6;20
203;7;10
204;0;10
204;1;20
204;2;30
204;3;40
204;4;50
204;5;60
204;6;70
204;7;80
205;0;10
205;1;20
205;2;30
205;3;40
205;4;50
205;5;60
205;6;70
205;7;80
206;0;10
206;1;10
206;2;10
206;3;10
206;4;10
206;5;10
206;6;10
206;7;10
207;0;10
207;1;20
207;2;30
207;3;40
207;4;50
207;5;60
207;6;70
207;7;80
208;0;10
208;1;20
208;2;30
208;3;40
208;4;50
208;5;60
208;6;70
208;7;80
209;0;80
209;1;70
209;2;60
209;3;50
209;4;40
209;5;30
209;6;20
209;7;10
210;0;10
210;1;20
210;2;30
210;3;40
210;4;50
210;5;60
210;6;70
210;7;80
211;0;10
211;1;10
211;2;10
211;3;10
211;4;10
211;5;10
211;6;10
211;7;10
212;0;10
212;1;10
212;2;10
212;3;10
212;4;10
212;5;10
212;6;10
212;7;10
213;0;10
213;1;20
213;2;30
213;3;40
213;4;50
213;5;60
213;6;70
213;7;80
214;0;80
214;1;70
214;2;60
214;3;50
214;4;40
214;5;30
214;6;20
214;7;10
215;0;80
215;1;70
215;2;60
215;3;50
215;4;40
215;5;30
215;6;20
215;7;10
216;0;80
216;1;70
216;2;60
216;3;50
216;4;40
216;5;30
216;6;20
216;7;10
217;0;10
217;1;10
217;2;10
217;3;10
217;4;10
217;5;10
217;6;10
217;7;10
218;0;10
218;1;10
218;2;10
218;3;10
218;4;10
218;5;10
218;6;10
218;7;10
219;0;80
219;1;70
219;2;60
219;3;50
219;4;40
219;5;30
219;6;20
219;7;10
220;0;80
220;1;70
220;2;60
220;3;50
220;4;40
220;5;30
220;6;20
220;7;10
221;0;10
221;1;10
221;2;10
221;3;10
221;4;10
221;5;10
221;6;10
221;7;10
222;0;10
222;1;10
222;2;10
222;3;10
222;4;10
222;5;10
222;6;10
222;7;10
223;0;10
223;1;20
223;2;30
223;3;40
223;4;50
223;5;60
223;6;70
223;7;80
224;0;10
224;1;10
224;2;10
224;3;10
224;4;10
224;5;10
224;6;10
224;7;10
225;0;80
225;1;70
225;2;60
225;3;50
225;4;40
225;5;30
225;6;20
225;7;10
226;0;80
226;1;70
226;2;60
226;3;50
226;4;40
226;5;30
226;6;20
226;7;10
227;0;10
227;1;10
227;2;10
227;3;10
227;4;10
227;5;10
227;6;10
227;7;10
228;0;10
228;1;20
228;2;30
228;3;40
228;4;50
228;5;60
228;6;70
228;7;80
229;0;80
229;1;70
229;2;60
229;3;50
229;4;40
229;5;30
229;6;20
229;7;10
230;0;80
230;1;70
230;2;60
230;3;50
230;4;40
230;5;30
230;6;20
230;7;10
231;0;10
231;1;10
231;2;10
231;3;10
231;4;10
231;5;10
231;6;10
231;7;10
232;0;80
232;1;70
232;2;60
232;3;50
232;4;40
232;5;30
232;6;20
232;7;10
233;0;80
233;1;70
233;2;60
233;3;50
233;4;40
233;5;30
233;6;20
233;7;10
234;0;10
234;1;10
234;2;10
234;3;10
234;4;10
234;5;10
234;6;10
234;7;10
235;0;10
235;1;10
235;2;10
235;3;10
235;4;10
235;5;10
235;6;10
235;7;10
236;0;10
236;1;20
236;2;30
236;3;40
236;4;50
236;5;60
236;6;70
236;7;80
237;0;10
237;1;20
237;2;30
237;3;40
237;4;50
237;5;60
237;6;70
237;7;80
238;0;10
238;1;10
238;2;10
238;3;10
238;4;10
238;5;10
238;6;10
238;7;10
239;0;10
239;1;20
239;2;30
239;3;40
239;4;50
239;5;60
239;6;70
239;7;80
240;0;10
240;1;20
240;2;30
240;3;40
240;4;50
240;5;60
240;6;70
240;7;80
241;0;80
241;1;70
241;2;60
241;3;50
241;4;40
241;5;30
241;6;20
241;7;10
242;0;10
242;1;20
242;2;30
242;3;40
242;4;50
242;5;60
242;6;70
242;7;80
243;0;10
243;1;20
243;2;30
243;3;40
243;4;50
243;5;60
243;6;70
243;7;80
244;0;80
244;1;70
244;2;60
244;3;50
244;4;40
244;5;30
244;6;20
244;7;10
245;0;80
245;1;70
245;2;60
245;3;50
245;4;40
245;5;30
245;6;20
245;7;10
246;0;10
246;1;20
246;2;30
246;3;40
246;4;50
246;5;60
246;6;70
246;7;80
247;0;80
247;1;70
247;2;60
247;3;50
247;4;40
247;5;30
247;6;20
247;7;10
248;0;10
248;1;20
248;2;30
248;3;40
248;4;50
248;5;60
248;6;70
248;7;80
249;0;10
249;1;20
249;2;30
249;3;40
249;4;50
249;5;60
249;6;70
249;7;80
250;0;10
250;1;20
250;2;30
250;3;40
250;4;50
250;5;60
250;6;70
250;7;80
251;0;80
251;1;70
251;2;60
251;3;50
251;4;40
251;5;30
251;6;20
251;7;10
252;0;10
252;1;20
252;2;30
252;3;40
252;4;50
252;5;60
252;6;70
252;7;80
253;0;10
253;1;10
253;2;10
253;3;10
253;4;10
253;5;10
253;6;10
253;7;10
254;0;10
254;1;10
254;2;10
254;3;10
254;4;10
254;5;10
254;6;10
254;7;10
255;0;80
255;1;70
255;2;60
255;3;50
255;4;40
255;5;30
255;6;20
255;7;10
256;0;10
256;1;10
256;2;10
256;3;10
256;4;10
256;5;10
256;6;10
256;7;10
257;0;80
257;1;70
257;2;60
257;3;50
257;4;40
257;5;30
257;6;20
257;7;10
258;0;10
258;1;10
258;2;10
258;3;10
258;4;10
258;5;10
258;6;10
258;7;10
259;0;10
259;1;10
259;2;10
259;3;10
259;4;10
259;5;10
259;6;10
259;7;10
260;0;80
260;1;70
260;2;60
260;3;50
260;4;40
260;5;30
260;6;20
260;7;10
261;0;10
261;1;10
261;2;10
261;3;10
261;4;10
261;5;10
261;6;10
261;7;10
262;0;80
262;1;70
262;2;60
262;3;50
262;4;40
262;5;30
262;6;20
262;7;10
263;0;10
263;1;20
263;2;30
263;3;40
263;4;50
263;5;60
263;6;70
263;7;80
264;0;10
264;1;10
264;2;10
264;3;10
264;4;10
264;5;10
264;6;10
264;7;10
265;0;10
265;1;10
265;2;10
265;3;10
265;4;10
265;5;10
265;6;10
265;7;10
266;0;80
266;1;70
266;2;60
266;3;50
266;4;40
266;5;30
266;6;20
266;7;10
267;0;10
267;1;10
267;2;10
267;3;10
267;4;10
267;5;10
267;6;10
267;7;10
268;0;10
268;1;20
268;2;30
268;3;40
268;4;50
268;5;60
268;6;70
268;7;80
269;0;10
269;1;10
269;2;10
269;3;10
269;4;10
269;5;10
269;6;10
269;7;10
270;0;80
270;1;70
270;2;60
270;3;50
270;4;40
270;5;30
270;6;20
270;7;10
271;0;10
271;1;10
271;2;10
271;3;10
271;4;10
271;5;10
271;6;10
271;7;10
272;0;10
272;1;20
272;2;30
272;3;40
272;4;50
272;5;60
272;6;70
272;7;80
273;0;80
273;1;70
273;2;60
273;3;50
273;4;40
273;5;30
273;6;20
273;7;10
274;0;80
274;1;70
274;2;60
274;3;50
274;4;40
274;5;30
274;6;20
274;7;10
275;0;10
275;1;10
275;2;10
275;3;10
275;4;10
275;5;10
275;6;10
275;7;10
276;0;80
276;1;70
276;2;60
276;3;50
276;4;40
276;5;30
276;6;20
276;7;10
277;0;10
277;1;10
277;2;10
277;3;10
277;4;10
277;5;10
277;6;10
277;7;10
278;0;80
278;1;70
278;2;60
278;3;50
278;4;40
278;5;30
278;6;20
278;7;10
279;0;80
279;1;70
279;2;60
279;3;50
279;4;40
279;5;30
279;6;20
279;7;10
280;0;10
280;1;20
280;2;30
280;3;40
280;4;50
280;5;60
280;6;70
280;7;80
281;0;10
281;1;10
281;2;10
281;3;10
281;4;10
281;5;10
281;6;10
281;7;10
282;0;80
282;1;70
282;2;60
282;3;50
282;4;40
282;5;30
282;6;20
282;7;10
283;0;10
283;1;10
283;2;10
283;3;10
283;4;10
283;5;10
283;6;10
283;7;10
284;0;10
284;1;20
284;2;30
284;3;40
284;4;50
284;5;60
284;6;70
284;7;80
285;0;10
285;1;10
285;2;10
285;3;10
285;4;10
285;5;10
285;6;10
285;7;10
286;0;10
286;1;10
286;2;10
286;3;10
286;4;10
286;5;10
286;6;10
286;7;10
287;0;10
287;1;20
287;2;30
287;3;40
287;4;50
287;5;60
287;6;70
287;7;80
288;0;10
288;1;10
288;2;10
288;3;10
288;4;10
288;5;10
288;6;10
288;7;10
289;0;10
289;1;10
289;2;10
289;3;10
289;4;10
289;5;10
289;6;10
289;7;10
290;0;10
290;1;10
290;2;10
290;3;10
290;4;10
290;5;10
290;6;10
290;7;10
291;0;80
291;1;70
291;2;60
291;3;50
291;4;40
291;5;30
291;6;20
291;7;10
292;0;10
292;1;20
292;2;30
292;3;40
292;4;50
292;5;60
292;6;70
292;7;80
293;0;10
293;1;10
293;2;10
293;3;10
293;4;10
293;5;10
293;6;10
293;7;10
294;0;80
294;1;70
294;2;60
294;3;50
294;4;40
294;5;30
294;6;20
294;7;10
295;0;80
295;1;70
295;2;60
295;3;50
295;4;40
295;5;30
295;6;20
295;7;10
296;0;10
296;1;10
296;2;10
296;3;10
296;4;10
296;5;10
296;6;10
296;7;10
297;0;10
297;1;20
297;2;30
297;3;40
297;4;50
297;5;60
297;6;70
297;7;80
298;0;10
298;1;10
298;2;10
298;3;10
298;4;10
298;5;10
298;6;10
298;7;10
299;0;10
299;1;10
299;2;10
299;3;10
299;4;10
299;5;10
299;6;10
299;7;10
300;0;80
300;1;70
300;2;60
300;3;50
300;4;40
300;5;30
300;6;20
300;7;10
301;0;10
301;1;20
301;2;30
301;3;40
301;4;50
301;5;60
301;6;70
301;7;80
302;0;10
302;1;10
302;2;10
302;3;10
302;4;10
302;5;10
302;6;10
302;7;10
303;0;80
303;1;70
303;2;60
303;3;50
303;4;40
303;5;30
303;6;20
303;7;10
304;0;80
304;1;70
304;2;60
304;3;50
304;4;40
304;5;30
304;6;20
304;7;10
305;0;80
305;1;70
305;2;60
305;3;50
305;4;40
305;5;30
305;6;20
305;7;10
306;0;80
306;1;70
306;2;60
306;3;50
306;4;40
306;5;30
306;6;20
306;7;10
307;0;80
307;1;70
307;2;60
307;3;50
307;4;40
307;5;30
307;6;20
307;7;10
308;0;80
308;1;70
308;2;60
308;3;50
308;4;40
308;5;30
308;6;20
308;7;10
309;0;10
309;1;10
309;2;10
309;3;10
309;4;10
309;5;10
309;6;10
309;7;10
310;0;10
310;1;20
310;2;30
310;3;40
310;4;50
310;5;60
310;6;70
310;7;80
311;0;10
311;1;20
311;2;30
311;3;40
311;4;50
311;5;60
311;6;70
311;7;80
312;0;10
312;1;20
312;2;30
312;3;40
312;4;50
312;5;60
312;6;70
312;7;80
313;0;10
313;1;20
313;2;30
313;3;40
313;4;50
313;5;60
313;6;70
313;7;80
314;0;10
314;1;20
314;2;30
314;3;40
314;4;50
314;5;60
314;6;70
314;7;80
315;0;80
315;1;70
315;2;60
315;3;50
315;4;40
315;5;30
315;6;20
315;7;10
316;0;10
316;1;20
316;2;30
316;3;40
316;4;50
316;5;60
316;6;70
316;7;80
317;0;10
317;1;20
317;2;30
317;3;40
317;4;50
317;5;60
317;6;70
317;7;80
318;0;10
318;1;20
318;2;30
318;3;40
318;4;50
318;5;60
318;6;70
318;7;80
319;0;10
319;1;10
319;2;10
319;3;10
319;4;10
319;5;10
319;6;10
319;7;10
320;0;80
320;1;70
320;2;60
320;3;50
320;4;40
320;5;30
320;6;20
320;7;10
321;0;80
321;1;70
321;2;60
321;3;50
321;4;40
321;5;30
321;6;20
321;7;10
322;0;10
322;1;10
322;2;10
322;3;10
322;4;10
322;5;10
322;6;10
322;7;10
323;0;80
323;1;70
323;2;60
323;3;50
323;4;40
323;5;30
323;6;20
323;7;10
324;0;10
324;1;10
324;2;10
324;3;10
324;4;10
324;5;10
324;6;10
324;7;10
325;0;10
325;1;10
325;2;10
325;3;10
325;4;10
325;5;10
325;6;10
325;7;10
326;0;10
326;1;10
326;2;10
326;3;10
326;4;10
326;5;10
326;6;10
326;7;10
327;0;10
327;1;10
327;2;10
327;3;10
327;4;10
327;5;10
327;6;10
327;7;10
328;0;10
328;1;20
328;2;30
328;3;40
328;4;50
328;5;60
328;6;70
328;7;80
329;0;80
329;1;70
329;2;60
329;3;50
329;4;40
329;5;30
329;6;20
329;7;10
330;0;10
330;1;20
330;2;30
330;3;40
330;4;50
330;5;60
330;6;70
330;7;80
331;0;10
331;1;20
331;2;30
331;3;40
331;4;50
331;5;60
331;6;70
331;7;80
332;0;10
332;1;10
332;2;10
332;3;10
332;4;10
332;5;10
332;6;10
332;7;10
333;0;10
333;1;20
333;2;30
333;3;40
333;4;50
333;5;60
333;6;70
333;7;80
334;0;10
334;1;10
334;2;10
334;3;10
334;4;10
334;5;10
334;6;10
334;7;10
335;0;10
335;1;10
335;2;10
335;3;10
335;4;10
335;5;10
335;6;10
335;7;10
336;0;10
336;1;10
336;2;10
336;3;10
336;4;10
336;5;10
336;6;10
336;7;10
337;0;10
337;1;20
337;2;30
337;3;40
337;4;50
337;5;60
337;6;70
337;7;80
338;0;10
338;1;10
338;2;10
338;3;10
338;4;10
338;5;10
338;6;10
338;7;10
339;0;80
339;1;70
339;2;60
339;3;50
339;4;40
339;5;30
339;6;20
339;7;10
340;0;10
340;1;10
340;2;10
340;3;10
340;4;10
340;5;10
340;6;10
340;7;10
341;0;80
341;1;70
341;2;60
341;3;50
341;4;40
341;5;30
341;6;20
341;7;10
342;0;10
342;1;10
342;2;10
342;3;10
342;4;10
342;5;10
342;6;10
342;7;10
343;0;10
343;1;10
343;2;10
343;3;10
343;4;10
343;5;10
343;6;10
343;7;10
344;0;80
344;1;70
344;2;60
344;3;50
344;4;40
344;5;30
344;6;20
344;7;10
345;0;80
345;1;70
345;2;60
345;3;50
345;4;40
345;5;30
345;6;20
345;7;10
346;0;10
346;1;20
346;2;30
346;3;40
346;4;50
346;5;60
346;6;70
346;7;80
347;0;10
347;1;10
347;2;10
347;3;10
347;4;10
347;5;10
347;6;10
347;7;10
348;0;10
348;1;10
348;2;10
348;3;10
348;4;10
348;5;10
348;6;10
348;7;10
349;0;10
349;1;20
349;2;30
349;3;40
349;4;50
349;5;60
349;6;70
349;7;80
350;0;80
350;1;70
350;2;60
350;3;50
350;4;40
350;5;30
350;6;20
350;7;10
351;0;10
351;1;10
351;2;10
351;3;10
351;4;10
351;5;10
351;6;10
351;7;10
352;0;10
352;1;10
352;2;10
352;3;10
352;4;10
352;5;10
352;6;10
352;7;10
353;0;10
353;1;10
353;2;10
353;3;10
353;4;10
353;5;10
353;6;10
353;7;10
354;0;80
354;1;70
354;2;60
354;3;50
354;4;40
354;5;30
354;6;20
354;7;10
355;0;80
355;1;70
355;2;60
355;3;50
355;4;40
355;5;30
355;6;20
355;7;10
356;0;80
356;1;70
356;2;60
356;3;50
356;4;40
356;5;30
356;6;20
356;7;10
357;0;10
357;1;20
357;2;30
357;3;40
357;4;50
357;5;60
357;6;70
357;7;80
358;0;10
358;1;10
358;2;10
358;3;10
358;4;10
358;5;10
358;6;10
358;7;10
359;0;80
359;1;70
359;2;60
359;3;50
359;4;40
359;5;30
359;6;20
359;7;10
360;0;80
360;1;70
360;2;60
360;3;50
360;4;40
360;5;30
360;6;20
360;7;10
361;0;10
361;1;10
361;2;10
361;3;10
361;4;10
361;5;10
361;6;10
361;7;10
362;0;10
362;1;20
362;2;30
362;3;40
362;4;50
362;5;60
362;6;70
362;7;80
363;0;10
363;1;20
363;2;30
363;3;40
363;4;50
363;5;60
363;6;70
363;7;80
364;0;80
364;1;70
364;2;60
364;3;50
364;4;40
364;5;30
364;6;20
364;7;10
365;0;10
365;1;10
365;2;10
365;3;10
365;4;10
365;5;10
365;6;10
365;7;10
366;0;10
366;1;10
366;2;10
366;3;10
366;4;10
366;5;10
366;6;10
366;7;10
367;0;10
367;1;20
367;2;30
367;3;40
367;4;50
367;5;60
367;6;70
367;7;80
368;0;10
368;1;10
368;2;10
368;3;10
368;4;10
368;5;10
368;6;10
368;7;10
369;0;10
369;1;20
369;2;30
369;3;40
369;4;50
369;5;60
369;6;70
369;7;80
370;0;10
370;1;10
370;2;10
370;3;10
370;4;10
370;5;10
370;6;10
370;7;10
371;0;80
371;1;70
371;2;60
371;3;50
371;4;40
371;5;30
371;6;20
371;7;10
372;0;80
372;1;70
372;2;60
372;3;50
372;4;40
372;5;30
372;6;20
372;7;10
373;0;80
373;1;70
373;2;60
373;3;50
373;4;40
373;5;30
373;6;20
373;7;10
374;0;10
374;1;10
374;2;10
374;3;10
374;4;10
374;5;10
374;6;10
374;7;10
375;0;10
375;1;20
375;2;30
375;3;40
375;4;50
375;5;60
375;6;70
375;7;80
376;0;10
376;1;10
376;2;10
376;3;10
376;4;10
376;5;10
376;6;10
376;7;10
377;0;10
377;1;10
377;2;10
377;3;10
377;4;10
377;5;10
377;6;10
377;7;10
378;0;10
378;1;20
378;2;30
378;3;40
378;4;50
378;5;60
378;6;70
378;7;80
379;0;80
379;1;70
379;2;60
379;3;50
379;4;40
379;5;30
379;6;20
379;7;10
380;0;80
380;1;70
380;2;60
380;3;50
380;4;40
380;5;30
380;6;20
380;7;10
381;0;10
381;1;20
381;2;30
381;3;40
381;4;50
381;5;60
381;6;70
381;7;80
382;0;10
382;1;20
382;2;30
382;3;40
382;4;50
382;5;60
382;6;70
382;7;80
383;0;10
383;1;10
383;2;10
383;3;10
383;4;10
383;5;10
383;6;10
383;7;10
384;0;10
384;1;20
384;2;30
384;3;40
384;4;50
384;5;60
384;6;70
384;7;80
385;0;10
385;1;10
385;2;10
385;3;10
385;4;10
385;5;10
385;6;10
385;7;10
386;0;10
386;1;10
386;2;10
386;3;10
386;4;10
386;5;10
386;6;10
386;7;10
387;0;10
387;1;20
387;2;30
387;3;40
387;4;50
387;5;60
387;6;70
387;7;80
388;0;10
388;1;10
388;2;10
388;3;10
388;4;10
388;5;10
388;6;10
388;7;10
389;0;80
389;1;70
389;2;60
389;3;50
389;4;40
389;5;30
389;6;20
389;7;10
390;0;10
390;1;10
390;2;10
390;3;10
390;4;10
390;5;10
390;6;10
390;7;10
391;0;10
391;1;10
391;2;10
391;3;10
391;4;10
391;5;10
391;6;10
391;7;10
392;0;10
392;1;10
392;2;10
392;3;10
392;4;10
392;5;10
392;6;10
392;7;10
393;0;80
393;1;70
393;2;60
393;3;50
393;4;40
393;5;30
393;6;20
393;7;10
394;0;80
394;1;70
394;2;60
394;3;50
394;4;40
394;5;30
394;6;20
394;7;10
395;0;10
395;1;10
395;2;10
395;3;10
395;4;10
395;5;10
395;6;10
395;7;10
396;0;80
396;1;70
396;2;60
396;3;50
396;4;40
396;5;30
396;6;20
396;7;10
397;0;80
397;1;70
397;2;60
397;3;50
397;4;40
397;5;30
397;6;20
397;7;10
398;0;80
398;1;70
398;2;60
398;3;50
398;4;40
398;5;30
398;6;20
398;7;10
399;0;10
399;1;10
399;2;10
399;3;10
399;4;10
399;5;10
399;6;10
399;7;10
400;0;10
400;1;20
400;2;30
400;3;40
400;4;50
400;5;60
400;6;70
400;7;80
401;0;10
401;1;20
401;2;30
401;3;40
401;4;50
401;5;60
401;6;70
401;7;80
402;0;10
402;1;20
402;2;30
402;3;40
402;4;50
402;5;60
402;6;70
402;7;80
403;0;10
403;1;20
403;2;30
403;3;40
403;4;50
403;5;60
403;6;70
403;7;80
404;0;10
404;1;20
404;2;30
404;3;40
404;4;50
404;5;60
404;6;70
404;7;80
405;0;10
405;1;10
405;2;10
405;3;10
405;4;10
405;5;10
405;6;10
405;7;10
406;0;80
406;1;70
406;2;60
406;3;50
406;4;40
406;5;30
406;6;20
406;7;10
407;0;10
407;1;20
407;2;30
407;3;40
407;4;50
407;5;60
407;6;70
407;7;80
408;0;10
408;1;20
408;2;30
408;3;40
408;4;50
408;5;60
408;6;70
408;7;80
409;0;10
409;1;10
409;2;10
409;3;10
409;4;10
409;5;10
409;6;10
409;7;10
410;0;10
410;1;20
410;2;30
410;3;40
410;4;50
410;5;60
410;6;70
410;7;80
411;0;10
411;1;10
411;2;10
411;3;10
411;4;10
411;5;10
411;6;10
411;7;10
412;0;80
412;1;70
412;2;60
412;3;50
412;4;40
412;5;30
412;6;20
412;7;10
413;0;10
413;1;10
413;2;10
413;3;10
413;4;10
413;5;10
413;6;10
413;7;10
414;0;80
414;1;70
414;2;60
414;3;50
414;4;40
414;5;30
414;6;20
414;7;10
415;0;10
415;1;10
415;2;10
415;3;10
415;4;10
415;5;10
415;6;10
415;7;10
416;0;10
416;1;20
416;2;30
416;3;40
416;4;50
416;5;60
416;6;70
416;7;80
417;0;10
417;1;10
417;2;10
417;3;10
417;4;10
417;5;10
417;6;10
417;7;10
418;0;10
418;1;10
418;2;10
418;3;10
418;4;10
418;5;10
418;6;10
418;7;10
419;0;10
419;1;20
419;2;30
419;3;40
419;4;50
419;5;60
419;6;70
419;7;80
420;0;10
420;1;20
420;2;30
420;3;40
420;4;50
420;5;60
420;6;70
420;7;80
421;0;80
421;1;70
421;2;60
421;3;50
421;4;40
421;5;30
421;6;20
421;7;10
422;0;10
422;1;20
422;2;30
422;3;40
422;4;50
422;5;60
422;6;70
422;7;80
423;0;80
423;1;70
423;2;60
423;3;50
423;4;40
423;5;30
423;6;20
423;7;10
424;0;10
424;1;10
424;2;10
424;3;10
424;4;10
424;5;10
424;6;10
424;7;10
425;0;10
425;1;20
425;2;30
425;3;40
425;4;50
425;5;60
425;6;70
425;7;80
426;0;10
426;1;10
426;2;10
426;3;10
426;4;10
426;5;10
426;6;10
426;7;10
427;0;10
427;1;10
427;2;10
427;3;10
427;4;10
427;5;10
427;6;10
427;7;10
428;0;10
428;1;10
428;2;10
428;3;10
428;4;10
428;5;10
428;6;10
428;7;10
429;0;80
429;1;70
429;2;60
429;3;50
429;4;40
429;5;30
429;6;20
429;7;10
430;0;10
430;1;20
430;2;30
430;3;40
430;4;50
430;5;60
430;6;70
430;7;80
431;0;80
431;1;70
431;2;60
431;3;50
431;4;40
431;5;30
431;6;20
431;7;10
432;0;80
432;1;70
432;2;60
432;3;50
432;4;40
432;5;30
432;6;20
432;7;10
433;0;10
433;1;20
433;2;30
433;3;40
433;4;50
433;5;60
433;6;70
433;7;80
434;0;10
434;1;10
434;2;10
434;3;10
434;4;10
434;5;10
434;6;10
434;7;10
435;0;10
435;1;20
435;2;30
435;3;40
435;4;50
435;5;60
435;6;70
435;7;80
436;0;80
436;1;70
436;2;60
436;3;50
436;4;40
436;5;30
436;6;20
436;7;10
437;0;10
437;1;20
437;2;30
437;3;40
437;4;50
437;5;60
437;6;70
437;7;80
438;0;10
438;1;10
438;2;10
438;3;10
438;4;10
438;5;10
438;6;10
438;7;10
439;0;10
439;1;20
439;2;30
439;3;40
439;4;50
439;5;60
439;6;70
439;7;80
440;0;10
440;1;10
440;2;10
440;3;10
440;4;10
440;5;10
440;6;10
440;7;10
441;0;10
441;1;10
441;2;10
441;3;10
441;4;10
441;5;10
441;6;10
441;7;10
442;0;10
442;1;10
442;2;10
442;3;10
442;4;10
442;5;10
442;6;10
442;7;10
443;0;10
443;1;10
443;2;10
443;3;10
443;4;10
443;5;10
443;6;10
443;7;10
444;0;10
444;1;10
444;2;10
444;3;10
444;4;10
444;5;10
444;6;10
444;7;10
445;0;10
445;1;10
445;2;10
445;3;10
445;4;10
445;5;10
445;6;10
445;7;10
446;0;10
446;1;10
446;2;10
446;3;10
446;4;10
446;5;10
446;6;10
446;7;10
447;0;10
447;1;20
447;2;30
447;3;40
447;4;50
447;5;60
447;6;70
447;7;80
448;0;80
448;1;70
448;2;60
448;3;50
448;4;40
448;5;30
448;6;20
448;7;10
449;0;10
449;1;10
449;2;10
449;3;10
449;4;10
449;5;10
449;6;10
449;7;10
450;0;10
450;1;20
450;2;30
450;3;40
450;4;50
450;5;60
450;6;70
450;7;80
451;0;80
451;1;70
451;2;60
451;3;50
451;4;40
451;5;30
451;6;20
451;7;10
452;0;10
452;1;20
452;2;30
452;3;40
452;4;50
452;5;60
452;6;70
452;7;80
453;0;10
453;1;10
453;2;10
453;3;10
453;4;10
453;5;10
453;6;10
453;7;10
454;0;80
454;1;70
454;2;60
454;3;50
454;4;40
454;5;30
454;6;20
454;7;10
455;0;10
455;1;20
455;2;30
455;3;40
455;4;50
455;5;60
455;6;70
455;7;80
456;0;10
456;1;20
456;2;30
456;3;40
456;4;50
456;5;60
456;6;70
456;7;80
457;0;10
457;1;20
457;2;30
457;3;40
457;4;50
457;5;60
457;6;70
457;7;80
458;0;10
458;1;10
458;2;10
458;3;10
458;4;10
458;5;10
458;6;10
458;7;10
459;0;10
459;1;10
459;2;10
459;3;10
459;4;10
459;5;10
459;6;10
459;7;10
460;0;10
460;1;10
460;2;10
460;3;10
460;4;10
460;5;10
460;6;10
460;7;10
461;0;80
461;1;70
461;2;60
461;3;50
461;4;40
461;5;30
461;6;20
461;7;10
462;0;80
462;1;70
462;2;60
462;3;50
462;4;40
462;5;30
462;6;20
462;7;10
463;0;10
463;1;10
463;2;10
463;3;10
463;4;10
463;5;10
463;6;10
463;7;10
464;0;10
464;1;20
464;2;30
464;3;40
464;4;50
464;5;60
464;6;70
464;7;80
465;0;10
465;1;10
465;2;10
465;3;10
465;4;10
465;5;10
465;6;10
465;7;10
466;0;10
466;1;10
466;2;10
466;3;10
466;4;10
466;5;10
466;6;10
466;7;10
467;0;80
467;1;70
467;2;60
467;3;50
467;4;40
467;5;30
467;6;20
467;7;10
468;0;10
468;1;20
468;2;30
468;3;40
468;4;50
468;5;60
468;6;70
468;7;80
469;0;10
469;1;10
469;2;10
469;3;10
469;4;10
469;5;10
469;6;10
469;7;10
470;0;10
470;1;20
470;2;30
470;3;40
470;4;50
470;5;60
470;6;70
470;7;80
471;0;10
471;1;10
471;2;10
471;3;10
471;4;10
471;5;10
471;6;10
471;7;10
472;0;10
472;1;20
472;2;30
472;3;40
472;4;50
472;5;60
472;6;70
472;7;80
473;0;10
473;1;20
473;2;30
473;3;40
473;4;50
473;5;60
473;6;70
473;7;80
474;0;10
474;1;10
474;2;10
474;3;10
474;4;10
474;5;10
474;6;10
474;7;10
475;0;80
475;1;70
475;2;60
475;3;50
475;4;40
475;5;30
475;6;20
475;7;10
476;0;10
476;1;10
476;2;10
476;3;10
476;4;10
476;5;10
476;6;10
476;7;10
477;0;80
477;1;70
477;2;60
477;3;50
477;4;40
477;5;30
477;6;20
477;7;10
478;0;10
478;1;20
478;2;30
478;3;40
478;4;50
478;5;60
478;6;70
478;7;80
479;0;10
479;1;20
479;2;30
479;3;40
479;4;50
479;5;60
479;6;70
479;7;80
480;0;80
480;1;70
480;2;60
480;3;50
480;4;40
480;5;30
480;6;20
480;7;10
481;0;10
481;1;20
481;2;30
481;3;40
481;4;50
481;5;60
481;6;70
481;7;80
482;0;10
482;1;20
482;2;30
482;3;40
482;4;50
482;5;60
482;6;70
482;7;80
483;0;80
483;1;70
483;2;60
483;3;50
483;4;40
483;5;30
483;6;20
483;7;10
484;0;80
484;1;70
484;2;60
484;3;50
484;4;40
484;5;30
484;6;20
484;7;10
485;0;80
485;1;70
485;2;60
485;3;50
485;4;40
485;5;30
485;6;20
485;7;10
486;0;10
486;1;10
486;2;10
486;3;10
486;4;10
486;5;10
486;6;10
486;7;10
487;0;80
487;1;70
487;2;60
487;3;50
487;4;40
487;5;30
487;6;20
487;7;10
488;0;10
488;1;10
488;2;10
488;3;10
488;4;10
488;5;10
488;6;10
488;7;10
489;0;10
489;1;10
489;2;10
489;3;10
489;4;10
489;5;10
489;6;10
489;7;10
490;0;10
490;1;20
490;2;30
490;3;40
490;4;50
490;5;60
490;6;70
490;7;80
491;0;10
491;1;20
491;2;30
491;3;40
491;4;50
491;5;60
491;6;70
491;7;80
492;0;10
492;1;20
492;2;30
492;3;40
492;4;50
492;5;60
492;6;70
492;7;80
493;0;10
493;1;20
493;2;30
493;3;40
493;4;50
493;5;60
493;6;70
493;7;80
494;0;10
494;1;20
494;2;30
494;3;40
494;4;50
494;5;60
494;6;70
494;7;80
495;0;10
495;1;20
495;2;30
495;3;40
495;4;50
495;5;60
495;6;70
495;7;80
496;0;10
496;1;10
496;2;10
496;3;10
496;4;10
496;5;10
496;6;10
496;7;10
497;0;80
497;1;70
497;2;60
497;3;50
497;4;40
497;5;30
497;6;20
497;7;10
498;0;10
498;1;20
498;2;30
498;3;40
498;4;50
498;5;60
498;6;70
498;7;80
499;0;80
499;1;70
499;2;60
499;3;50
499;4;40
499;5;30
499;6;20
499;7;10
500;0;10
500;1;10
500;2;10
500;3;10
500;4;10
500;5;10
500;6;10
500;7;10
501;0;10
501;1;20
501;2;30
501;3;40
501;4;50
501;5;60
501;6;70
501;7;80
502;0;80
502;1;70
502;2;60
502;3;50
502;4;40
502;5;30
502;6;20
502;7;10
503;0;80
503;1;70
503;2;60
503;3;50
503;4;40
503;5;30
503;6;20
503;7;10
504;0;10
504;1;20
504;2;30
504;3;40
504;4;50
504;5;60
504;6;70
504;7;80
505;0;10
505;1;20
505;2;30
505;3;40
505;4;50
505;5;60
505;6;70
505;7;80
506;0;10
506;1;10
506;2;10
506;3;10
506;4;10
506;5;10
506;6;10
506;7;10
507;0;10
507;1;10
507;2;10
507;3;10
507;4;10
507;5;10
507;6;10
507;7;10
508;0;10
508;1;10
508;2;10
508;3;10
508;4;10
508;5;10
508;6;10
508;7;10
509;0;10
509;1;10
509;2;10
509;3;10
509;4;10
509;5;10
509;6;10
509;7;10
510;0;80
510;1;70
510;2;60
510;3;50
510;4;40
510;5;30
510;6;20
510;7;10
511;0;80
511;1;70
511;2;60
511;3;50
511;4;40
511;5;30
511;6;20
511;7;10
512;0;10
512;1;20
512;2;30
512;3;40
512;4;50
512;5;60
512;6;70
512;7;80
513;0;10
513;1;20
513;2;30
513;3;40
513;4;50
513;5;60
513;6;70
513;7;80
514;0;10
514;1;20
514;2;30
514;3;40
514;4;50
514;5;60
514;6;70
514;7;80
515;0;10
515;1;20
515;2;30
515;3;40
515;4;50
515;5;60
515;6;70
515;7;80
516;0;80
516;1;70
516;2;60
516;3;50
516;4;40
516;5;30
516;6;20
516;7;10
517;0;80
517;1;70
517;2;60
517;3;50
517;4;40
517;5;30
517;6;20
517;7;10
518;0;10
518;1;20
518;2;30
518;3;40
518;4;50
518;5;60
518;6;70
518;7;80
519;0;10
519;1;20
519;2;30
519;3;40
519;4;50
519;5;60
519;6;70
519;7;80
520;0;10
520;1;20
520;2;30
520;3;40
520;4;50
520;5;60
520;6;70
520;7;80
521;0;80
521;1;70
521;2;60
521;3;50
521;4;40
521;5;30
521;6;20
521;7;10
522;0;80
522;1;70
522;2;60
522;3;50
522;4;40
522;5;30
522;6;20
522;7;10
523;0;10
523;1;10
523;2;10
523;3;10
523;4;10
523;5;10
523;6;10
523;7;10
524;0;80
524;1;70
524;2;60
524;3;50
524;4;40
524;5;30
524;6;20
524;7;10
525;0;80
525;1;70
525;2;60
525;3;50
525;4;40
525;5;30
525;6;20
525;7;10
526;0;80
526;1;70
526;2;60
526;3;50
526;4;40
526;5;30
526;6;20
526;7;10
527;0;10
527;1;10
527;2;10
527;3;10
527;4;10
527;5;10
527;6;10
527;7;10
528;0;10
528;1;20
528;2;30
528;3;40
528;4;50
528;5;60
528;6;70
528;7;80
529;0;10
529;1;10
529;2;10
529;3;10
529;4;10
529;5;10
529;6;10
529;7;10
530;0;10
530;1;20
530;2;30
530;3;40
530;4;50
530;5;60
530;6;70
530;7;80
531;0;80
531;1;70
531;2;60
531;3;50
531;4;40
531;5;30
531;6;20
531;7;10
532;0;80
532;1;70
532;2;60
532;3;50
532;4;40
532;5;30
532;6;20
532;7;10
533;0;80
533;1;70
533;2;60
533;3;50
533;4;40
533;5;30
533;6;20
533;7;10
534;0;80
534;1;70
534;2;60
534;3;50
534;4;40
534;5;30
534;6;20
534;7;10
535;0;10
535;1;10
535;2;10
535;3;10
535;4;10
535;5;10
535;6;10
535;7;10
536;0;10
536;1;20
536;2;30
536;3;40
536;4;50
536;5;60
536;6;70
536;7;80
537;0;80
537;1;70
537;2;60
537;3;50
537;4;40
537;5;30
537;6;20
537;7;10
538;0;80
538;1;70
538;2;60
538;3;50
538;4;40
538;5;30
538;6;20
538;7;10
539;0;10
539;1;10
539;2;10
539;3;10
539;4;10
539;5;10
539;6;10
539;7;10
540;0;10
540;1;10
540;2;10
540;3;10
540;4;10
540;5;10
540;6;10
540;7;10
541;0;10
541;1;10
541;2;10
541;3;10
541;4;10
541;5;10
541;6;10
541;7;10
542;0;10
542;1;10
542;2;10
542;3;10
542;4;10
542;5;10
542;6;10
542;7;10
543;0;80
543;1;70
543;2;60
543;3;50
543;4;40
543;5;30
543;6;20
543;7;10
544;0;10
544;1;20
544;2;30
544;3;40
544;4;50
544;5;60
544;6;70
544;7;80
545;0;10
545;1;20
545;2;30
545;3;40
545;4;50
545;5;60
545;6;70
545;7;80
546;0;10
546;1;20
546;2;30
546;3;40
546;4;50
546;5;60
546;6;70
546;7;80
547;0;10
547;1;10
547;2;10
547;3;10
547;4;10
547;5;10
547;6;10
547;7;10
548;0;10
548;1;20
548;2;30
548;3;40
548;4;50
548;5;60
548;6;70
548;7;80
549;0;80
549;1;70
549;2;60
549;3;50
549;4;40
549;5;30
549;6;20
549;7;10
550;0;10
550;1;10
550;2;10
550;3;10
550;4;10
550;5;10
550;6;10
550;7;10
551;0;10
551;1;10
551;2;10
551;3;10
551;4;10
551;5;10
551;6;10
551;7;10
552;0;10
552;1;10
552;2;10
552;3;10
552;4;10
552;5;10
552;6;10
552;7;10
553;0;80
553;1;70
553;2;60
553;3;50
553;4;40
553;5;30
553;6;20
553;7;10
554;0;80
554;1;70
554;2;60
554;3;50
554;4;40
554;5;30
554;6;20
554;7;10
555;0;10
555;1;10
555;2;10
555;3;10
555;4;10
555;5;10
555;6;10
555;7;10
556;0;10
556;1;10
556;2;10
556;3;10
556;4;10
556;5;10
556;6;10
556;7;10
557;0;80
557;1;70
557;2;60
557;3;50
557;4;40
557;5;30
557;6;20
557;7;10
558;0;10
558;1;10
558;2;10
558;3;10
558;4;10
558;5;10
558;6;10
558;7;10
559;0;10
559;1;20
559;2;30
559;3;40
559;4;50
559;5;60
559;6;70
559;7;80
560;0;10
560;1;20
560;2;30
560;3;40
560;4;50
560;5;60
560;6;70
560;7;80
561;0;10
561;1;20
561;2;30
561;3;40
561;4;50
561;5;60
561;6;70
561;7;80
562;0;10
562;1;20
562;2;30
562;3;40
562;4;50
562;5;60
562;6;70
562;7;80
563;0;80
563;1;70
563;2;60
563;3;50
563;4;40
563;5;30
563;6;20
563;7;10
564;0;10
564;1;10
564;2;10
564;3;10
564;4;10
564;5;10
564;6;10
564;7;10
565;0;10
565;1;20
565;2;30
565;3;40
565;4;50
565;5;60
565;6;70
565;7;80
566;0;10
566;1;20
566;2;30
566;3;40
566;4;50
566;5;60
566;6;70
566;7;80
567;0;80
567;1;70
567;2;60
567;3;50
567;4;40
567;5;30
567;6;20
567;7;10
568;0;10
568;1;20
568;2;30
568;3;40
568;4;50
568;5;60
568;6;70
568;7;80
569;0;80
569;1;70
569;2;60
569;3;50
569;4;40
569;5;30
569;6;20
569;7;10
570;0;80
570;1;70
570;2;60
570;3;50
570;4;40
570;5;30
570;6;20
570;7;10
571;0;10
571;1;10
571;2;10
571;3;10
571;4;10
571;5;10
571;6;10
571;7;10
572;0;80
572;1;70
572;2;60
572;3;50
572;4;40
572;5;30
572;6;20
572;7;10
573;0;10
573;1;20
573;2;30
573;3;40
573;4;50
573;5;60
573;6;70
573;7;80
574;0;10
574;1;20
574;2;30
574;3;40
574;4;50
574;5;60
574;6;70
574;7;80
575;0;10
575;1;20
575;2;30
575;3;40
575;4;50
575;5;60
575;6;70
575;7;80
576;0;10
576;1;20
576;2;30
576;3;40
576;4;50
576;5;60
576;6;70
576;7;80
577;0;80
577;1;70
577;2;60
577;3;50
577;4;40
577;5;30
577;6;20
577;7;10
578;0;10
578;1;10
578;2;10
578;3;10
578;4;10
578;5;10
578;6;10
578;7;10
579;0;80
579;1;70
579;2;60
579;3;50
579;4;40
579;5;30
579;6;20
579;7;10
580;0;10
580;1;10
580;2;10
580;3;10
580;4;10
580;5;10
580;6;10
580;7;10
581;0;10
581;1;20
581;2;30
581;3;40
581;4;50
581;5;60
581;6;70
581;7;80
582;0;10
582;1;10
582;2;10
582;3;10
582;4;10
582;5;10
582;6;10
582;7;10
583;0;10
583;1;20
583;2;30
583;3;40
583;4;50
583;5;60
583;6;70
583;7;80
584;0;80
584;1;70
584;2;60
584;3;50
584;4;40
584;5;30
584;6;20
584;7;10
585;0;10
585;1;20
585;2;30
585;3;40
585;4;50
585;5;60
585;6;70
585;7;80
586;0;80
586;1;70
586;2;60
586;3;50
586;4;40
586;5;30
586;6;20
586;7;10
587;0;10
587;1;10
587;2;10
587;3;10
587;4;10
587;5;10
587;6;10
587;7;10
588;0;10
588;1;10
588;2;10
588;3;10
588;4;10
588;5;10
588;6;10
588;7;10
589;0;10
589;1;20
589;2;30
589;3;40
589;4;50
589;5;60
589;6;70
589;7;80
590;0;80
590;1;70
590;2;60
590;3;50
590;4;40
590;5;30
590;6;20
590;7;10
591;0;10
591;1;10
591;2;10
591;3;10
591;4;10
591;5;10
591;6;10
591;7;10
592;0;80
592;1;70
592;2;60
592;3;50
592;4;40
592;5;30
592;6;20
592;7;10
593;0;10
593;1;10
593;2;10
593;3;10
593;4;10
593;5;10
593;6;10
593;7;10
594;0;10
594;1;20
594;2;30
594;3;40
594;4;50
594;5;60
594;6;70
594;7;80
595;0;80
595;1;70
595;2;60
595;3;50
595;4;40
595;5;30
595;6;20
595;7;10
596;0;10
596;1;10
596;2;10
596;3;10
596;4;10
596;5;10
596;6;10
596;7;10
597;0;10
597;1;10
597;2;10
597;3;10
597;4;10
597;5;10
597;6;10
597;7;10
598;0;10
598;1;10
598;2;10
598;3;10
598;4;10
598;5;10
598;6;10
598;7;10
599;0;10
599;1;10
599;2;10
599;3;10
599;4;10
599;5;10
599;6;10
599;7;10
600;0;10
600;1;20
600;2;30
600;3;40
600;4;50
600;5;60
600;6;70
600;7;80
601;0;10
601;1;20
601;2;30
601;3;40
601;4;50
601;5;60
601;6;70
601;7;80
602;0;80
602;1;70
602;2;60
602;3;50
602;4;40
602;5;30
602;6;20
602;7;10
603;0;80
603;1;70
603;2;60
603;3;50
603;4;40
603;5;30
603;6;20
603;7;10
604;0;10
604;1;10
604;2;10
604;3;10
604;4;10
604;5;10
604;6;10
604;7;10
605;0;10
605;1;10
605;2;10
605;3;10
605;4;10
605;5;10
605;6;10
605;7;10
606;0;10
606;1;20
606;2;30
606;3;40
606;4;50
606;5;60
606;6;70
606;7;80
607;0;10
607;1;20
607;2;30
607;3;40
607;4;50
607;5;60
607;6;70
607;7;80
608;0;10
608;1;20
608;2;30
608;3;40
608;4;50
608;5;60
608;6;70
608;7;80
609;0;80
609;1;70
609;2;60
609;3;50
609;4;40
609;5;30
609;6;20
609;7;10
610;0;80
610;1;70
610;2;60
610;3;50
610;4;40
610;5;30
610;6;20
610;7;10
611;0;10
611;1;10
611;2;10
611;3;10
611;4;10
611;5;10
611;6;10
611;7;10
612;0;10
612;1;20
612;2;30
612;3;40
612;4;50
612;5;60
612;6;70
612;7;80
613;0;10
613;1;20
613;2;30
613;3;40
613;4;50
613;5;60
613;6;70
613;7;80
614;0;10
614;1;20
614;2;30
614;3;40
614;4;50
614;5;60
614;6;70
614;7;80
615;0;10
615;1;20
615;2;30
615;3;40
615;4;50
615;5;60
615;6;70
615;7;80
616;0;10
616;1;20
616;2;30
616;3;40
616;4;50
616;5;60
616;6;70
616;7;80
617;0;10
617;1;10
617;2;10
617;3;10
617;4;10
617;5;10
617;6;10
617;7;10
618;0;10
618;1;20
618;2;30
618;3;40
618;4;50
618;5;60
618;6;70
618;7;80
619;0;10
619;1;20
619;2;30
619;3;40
619;4;50
619;5;60
619;6;70
619;7;80
620;0;10
620;1;20
620;2;30
620;3;40
620;4;50
620;5;60
620;6;70
620;7;80
621;0;10
621;1;10
621;2;10
621;3;10
621;4;10
621;5;10
621;6;10
621;7;10
622;0;10
622;1;20
622;2;30
622;3;40
622;4;50
622;5;60
622;6;70
622;7;80
623;0;10
623;1;20
623;2;30
623;3;40
623;4;50
623;5;60
623;6;70
623;7;80
624;0;80
624;1;70
624;2;60
624;3;50
624;4;40
624;5;30
624;6;20
624;7;10
625;0;80
625;1;70
625;2;60
625;3;50
625;4;40
625;5;30
625;6;20
625;7;10
626;0;10
626;1;20
626;2;30
626;3;40
626;4;50
626;5;60
626;6;70
626;7;80
627;0;10
627;1;20
627;2;30
627;3;40
627;4;50
627;5;60
627;6;70
627;7;80
628;0;10
628;1;10
628;2;10
628;3;10
628;4;10
628;5;10
628;6;10
628;7;10
629;0;10
629;1;10
629;2;10
629;3;10
629;4;10
629;5;10
629;6;10
629;7;10
630;0;10
630;1;20
630;2;30
630;3;40
630;4;50
630;5;60
630;6;70
630;7;80
631;0;10
631;1;20
631;2;30
631;3;40
631;4;50
631;5;60
631;6;70
631;7;80
632;0;10
632;1;10
632;2;10
632;3;10
632;4;10
632;5;10
632;6;10
632;7;10
633;0;10
633;1;10
633;2;10
633;3;10
633;4;10
633;5;10
633;6;10
633;7;10
634;0;80
634;1;70
634;2;60
634;3;50
634;4;40
634;5;30
634;6;20
634;7;10
635;0;10
635;1;10
635;2;10
635;3;10
635;4;10
635;5;10
635;6;10
635;7;10
636;0;10
636;1;20
636;2;30
636;3;40
636;4;50
636;5;60
636;6;70
636;7;80
637;0;10
637;1;10
637;2;10
637;3;10
637;4;10
637;5;10
637;6;10
637;7;10
638;0;80
638;1;70
638;2;60
638;3;50
638;4;40
638;5;30
638;6;20
638;7;10
639;0;10
639;1;20
639;2;30
639;3;40
639;4;50
639;5;60
639;6;70
639;7;80
640;0;80
640;1;70
640;2;60
640;3;50
640;4;40
640;5;30
640;6;20
640;7;10
641;0;10
641;1;20
641;2;30
641;3;40
641;4;50
641;5;60
641;6;70
641;7;80
642;0;10
642;1;10
642;2;10
642;3;10
642;4;10
642;5;10
642;6;10
642;7;10
643;0;80
643;1;70
643;2;60
643;3;50
643;4;40
643;5;30
643;6;20
643;7;10
644;0;80
644;1;70
644;2;60
644;3;50
644;4;40
644;5;30
644;6;20
644;7;10
645;0;10
645;1;20
645;2;30
645;3;40
645;4;50
645;5;60
645;6;70
645;7;80
646;0;80
646;1;70
646;2;60
646;3;50
646;4;40
646;5;30
646;6;20
646;7;10
647;0;80
647;1;70
647;2;60
647;3;50
647;4;40
647;5;30
647;6;20
647;7;10
648;0;80
648;1;70
648;2;60
648;3;50
648;4;40
648;5;30
648;6;20
648;7;10
649;0;10
649;1;10
649;2;10
649;3;10
649;4;10
649;5;10
649;6;10
649;7;10
650;0;10
650;1;20
650;2;30
650;3;40
650;4;50
650;5;60
650;6;70
650;7;80
651;0;10
651;1;20
651;2;30
651;3;40
651;4;50
651;5;60
651;6;70
651;7;80
652;0;10
652;1;10
652;2;10
652;3;10
652;4;10
652;5;10
652;6;10
652;7;10
653;0;80
653;1;70
653;2;60
653;3;50
653;4;40
653;5;30
653;6;20
653;7;10
654;0;10
654;1;10
654;2;10
654;3;10
654;4;10
654;5;10
654;6;10
654;7;10
655;0;10
655;1;10
655;2;10
655;3;10
655;4;10
655;5;10
655;6;10
655;7;10
656;0;80
656;1;70
656;2;60
656;3;50
656;4;40
656;5;30
656;6;20
656;7;10
657;0;10
657;1;20
657;2;30
657;3;40
657;4;50
657;5;60
657;6;70
657;7;80
658;0;80
658;1;70
658;2;60
658;3;50
658;4;40
658;5;30
658;6;20
658;7;10
659;0;10
659;1;20
659;2;30
659;3;40
659;4;50
659;5;60
659;6;70
659;7;80
660;0;10
660;1;20
660;2;30
660;3;40
660;4;50
660;5;60
660;6;70
660;7;80
661;0;10
661;1;10
661;2;10
661;3;10
661;4;10
661;5;10
661;6;10
661;7;10
662;0;10
662;1;10
662;2;10
662;3;10
662;4;10
662;5;10
662;6;10
662;7;10
663;0;10
663;1;20
663;2;30
663;3;40
663;4;50
663;5;60
663;6;70
663;7;80
664;0;80
664;1;70
664;2;60
664;3;50
664;4;40
664;5;30
664;6;20
664;7;10
665;0;10
665;1;20
665;2;30
665;3;40
665;4;50
665;5;60
665;6;70
665;7;80
666;0;80
666;1;70
666;2;60
666;3;50
666;4;40
666;5;30
666;6;20
666;7;10
667;0;80
667;1;70
667;2;60
667;3;50
667;4;40
667;5;30
667;6;20
667;7;10
668;0;80
668;1;70
668;2;60
668;3;50
668;4;40
668;5;30
668;6;20
668;7;10
669;0;10
669;1;10
669;2;10
669;3;10
669;4;10
669;5;10
669;6;10
669;7;10
670;0;80
670;1;70
670;2;60
670;3;50
670;4;40
670;5;30
670;6;20
670;7;10
671;0;10
671;1;20
671;2;30
671;3;40
671;4;50
671;5;60
671;6;70
671;7;80
672;0;10
672;1;20
672;2;30
672;3;40
672;4;50
672;5;60
672;6;70
672;7;80
673;0;10
673;1;10
673;2;10
673;3;10
673;4;10
673;5;10
673;6;10
673;7;10
674;0;10
674;1;20
674;2;30
674;3;40
674;4;50
674;5;60
674;6;70
674;7;80
675;0;10
675;1;10
675;2;10
675;3;10
675;4;10
675;5;10
675;6;10
675;7;10
676;0;80
676;1;70
676;2;60
676;3;50
676;4;40
676;5;30
676;6;20
676;7;10
677;0;10
677;1;10
677;2;10
677;3;10
677;4;10
677;5;10
677;6;10
677;7;10
678;0;80
678;1;70
678;2;60
678;3;50
678;4;40
678;5;30
678;6;20
678;7;10
679;0;80
679;1;70
679;2;60
679;3;50
679;4;40
679;5;30
679;6;20
679;7;10
680;0;10
680;1;10
680;2;10
680;3;10
680;4;10
680;5;10
680;6;10
680;7;10
681;0;10
681;1;20
681;2;30
681;3;40
681;4;50
681;5;60
681;6;70
681;7;80
682;0;10
682;1;10
682;2;10
682;3;10
682;4;10
682;5;10
682;6;10
682;7;10
683;0;10
683;1;20
683;2;30
683;3;40
683;4;50
683;5;60
683;6;70
683;7;80
684;0;80
684;1;70
684;2;60
684;3;50
684;4;40
684;5;30
684;6;20
684;7;10
685;0;80
685;1;70
685;2;60
685;3;50
685;4;40
685;5;30
685;6;20
685;7;10
686;0;80
686;1;70
686;2;60
686;3;50
686;4;40
686;5;30
686;6;20
686;7;10
687;0;80
687;1;70
687;2;60
687;3;50
687;4;40
687;5;30
687;6;20
687;7;10
688;0;10
688;1;20
688;2;30
688;3;40
688;4;50
688;5;60
688;6;70
688;7;80
689;0;10
689;1;20
689;2;30
689;3;40
689;4;50
689;5;60
689;6;70
689;7;80
690;0;80
690;1;70
690;2;60
690;3;50
690;4;40
690;5;30
690;6;20
690;7;10
691;0;10
691;1;10
691;2;10
691;3;10
691;4;10
691;5;10
691;6;10
691;7;10
692;0;80
692;1;70
692;2;60
692;3;50
692;4;40
692;5;30
692;6;20
692;7;10
693;0;10
693;1;10
693;2;10
693;3;10
693;4;10
693;5;10
693;6;10
693;7;10
694;0;10
694;1;20
694;2;30
694;3;40
694;4;50
694;5;60
694;6;70
694;7;80
695;0;10
695;1;20
695;2;30
695;3;40
695;4;50
695;5;60
695;6;70
695;7;80
696;0;10
696;1;10
696;2;10
696;3;10
696;4;10
696;5;10
696;6;10
696;7;10
697;0;10
697;1;10
697;2;10
697;3;10
697;4;10
697;5;10
697;6;10
697;7;10
698;0;10
698;1;20
698;2;30
698;3;40
698;4;50
698;5;60
698;6;70
698;7;80
699;0;80
699;1;70
699;2;60
699;3;50
699;4;40
699;5;30
699;6;20
699;7;10
700;0;10
700;1;10
700;2;10
700;3;10
700;4;10
700;5;10
700;6;10
700;7;10
701;0;80
701;1;70
701;2;60
701;3;50
701;4;40
701;5;30
701;6;20
701;7;10
702;0;80
702;1;70
702;2;60
702;3;50
702;4;40
702;5;30
702;6;20
702;7;10
703;0;10
703;1;20
703;2;30
703;3;40
703;4;50
703;5;60
703;6;70
703;7;80
704;0;10
704;1;10
704;2;10
704;3;10
704;4;10
704;5;10
704;6;10
704;7;10
705;0;10
705;1;20
705;2;30
705;3;40
705;4;50
705;5;60
705;6;70
705;7;80
706;0;10
706;1;10
706;2;10
706;3;10
706;4;10
706;5;10
706;6;10
706;7;10
707;0;80
707;1;70
707;2;60
707;3;50
707;4;40
707;5;30
707;6;20
707;7;10
708;0;10
708;1;20
708;2;30
708;3;40
708;4;50
708;5;60
708;6;70
708;7;80
709;0;10
709;1;10
709;2;10
709;3;10
709;4;10
709;5;10
709;6;10
709;7;10
710;0;80
710;1;70
710;2;60
710;3;50
710;4;40
710;5;30
710;6;20
710;7;10
711;0;10
711;1;10
711;2;10
711;3;10
711;4;10
711;5;10
711;6;10
711;7;10
712;0;10
712;1;20
712;2;30
712;3;40
712;4;50
712;5;60
712;6;70
712;7;80
713;0;10
713;1;10
713;2;10
713;3;10
713;4;10
713;5;10
713;6;10
713;7;10
714;0;10
714;1;20
714;2;30
714;3;40
714;4;50
714;5;60
714;6;70
714;7;80
715;0;10
715;1;10
715;2;10
715;3;10
715;4;10
715;5;10
715;6;10
715;7;10
716;0;10
716;1;20
716;2;30
716;3;40
716;4;50
716;5;60
716;6;70
716;7;80
717;0;10
717;1;20
717;2;30
717;3;40
717;4;50
717;5;60
717;6;70
717;7;80
718;0;10
718;1;10
718;2;10
718;3;10
718;4;10
718;5;10
718;6;10
718;7;10
719;0;10
719;1;20
719;2;30
719;3;40
719;4;50
719;5;60
719;6;70
719;7;80
720;0;10
720;1;20
720;2;30
720;3;40
720;4;50
720;5;60
720;6;70
720;7;80
721;0;80
721;1;70
721;2;60
721;3;50
721;4;40
721;5;30
721;6;20
721;7;10
722;0;80
722;1;70
722;2;60
722;3;50
722;4;40
722;5;30
722;6;20
722;7;10
723;0;10
723;1;10
723;2;10
723;3;10
723;4;10
723;5;10
723;6;10
723;7;10
724;0;10
724;1;10
724;2;10
724;3;10
724;4;10
724;5;10
724;6;10
724;7;10
725;0;10
725;1;20
725;2;30
725;3;40
725;4;50
725;5;60
725;6;70
725;7;80
726;0;10
726;1;20
726;2;30
726;3;40
726;4;50
726;5;60
726;6;70
726;7;80
727;0;10
727;1;20
727;2;30
727;3;40
727;4;50
727;5;60
727;6;70
727;7;80
728;0;10
728;1;20
728;2;30
728;3;40
728;4;50
728;5;60
728;6;70
728;7;80
729;0;10
729;1;20
729;2;30
729;3;40
729;4;50
729;5;60
729;6;70
729;7;80
730;0;80
730;1;70
730;2;60
730;3;50
730;4;40
730;5;30
730;6;20
730;7;10
731;0;10
731;1;20
731;2;30
731;3;40
731;4;50
731;5;60
731;6;70
731;7;80
732;0;10
732;1;10
732;2;10
732;3;10
732;4;10
732;5;10
732;6;10
732;7;10
733;0;10
733;1;20
733;2;30
733;3;40
733;4;50
733;5;60
733;6;70
733;7;80
734;0;10
734;1;20
734;2;30
734;3;40
734;4;50
734;5;60
734;6;70
734;7;80
735;0;10
735;1;20
735;2;30
735;3;40
735;4;50
735;5;60
735;6;70
735;7;80
736;0;80
736;1;70
736;2;60
736;3;50
736;4;40
736;5;30
736;6;20
736;7;10
737;0;80
737;1;70
737;2;60
737;3;50
737;4;40
737;5;30
737;6;20
737;7;10
738;0;80
738;1;70
738;2;60
738;3;50
738;4;40
738;5;30
738;6;20
738;7;10
739;0;80
739;1;70
739;2;60
739;3;50
739;4;40
739;5;30
739;6;20
739;7;10
740;0;10
740;1;20
740;2;30
740;3;40
740;4;50
740;5;60
740;6;70
740;7;80
741;0;10
741;1;20
741;2;30
741;3;40
741;4;50
741;5;60
741;6;70
741;7;80
742;0;10
742;1;10
742;2;10
742;3;10
742;4;10
742;5;10
742;6;10
742;7;10
743;0;10
743;1;10
743;2;10
743;3;10
743;4;10
743;5;10
743;6;10
743;7;10
744;0;80
744;1;70
744;2;60
744;3;50
744;4;40
744;5;30
744;6;20
744;7;10
745;0;80
745;1;70
745;2;60
745;3;50
745;4;40
745;5;30
745;6;20
745;7;10
746;0;10
746;1;20
746;2;30
746;3;40
746;4;50
746;5;60
746;6;70
746;7;80
747;0;10
747;1;10
747;2;10
747;3;10
747;4;10
747;5;10
747;6;10
747;7;10
748;0;10
748;1;10
748;2;10
748;3;10
748;4;10
748;5;10
748;6;10
748;7;10
749;0;10
749;1;10
749;2;10
749;3;10
749;4;10
749;5;10
749;6;10
749;7;10
750;0;80
750;1;70
750;2;60
750;3;50
750;4;40
750;5;30
750;6;20
750;7;10
751;0;10
751;1;10
751;2;10
751;3;10
751;4;10
751;5;10
751;6;10
751;7;10
752;0;10
752;1;20
752;2;30
752;3;40
752;4;50
752;5;60
752;6;70
752;7;80
753;0;10
753;1;10
753;2;10
753;3;10
753;4;10
753;5;10
753;6;10
753;7;10
754;0;80
754;1;70
754;2;60
754;3;50
754;4;40
754;5;30
754;6;20
754;7;10
755;0;10
755;1;10
755;2;10
755;3;10
755;4;10
755;5;10
755;6;10
755;7;10
756;0;10
756;1;20
756;2;30
756;3;40
756;4;50
756;5;60
756;6;70
756;7;80
757;0;10
757;1;10
757;2;10
757;3;10
757;4;10
757;5;10
757;6;10
757;7;10
758;0;10
758;1;20
758;2;30
758;3;40
758;4;50
758;5;60
758;6;70
758;7;80
