80;40;152
0;0;100
1;0;50
1;1;50
1;3;50
2;0;100
2;4;70
2;6;50
3;1;10
3;2;50
3;3;100
3;7;50
3;9;70
4;2;70
4;3;70
4;10;70
4;12;10
5;2;100
5;3;70
5;13;70
5;15;10
6;4;50
6;5;10
6;6;10
6;16;10
6;18;10
7;5;50
7;6;50
7;19;70
7;21;50
8;5;50
8;6;50
8;22;50
8;24;10
9;7;50
9;8;70
9;9;10
9;25;70
9;27;50
10;8;70
10;9;70
10;28;100
10;30;70
11;8;100
11;9;100
11;31;70
11;33;10
12;8;70
12;9;100
12;34;10
12;36;70
13;10;100
13;11;10
13;12;70
13;37;50
13;39;70
14;11;50
14;12;50
15;11;50
15;12;70
16;11;10
16;12;50
17;13;10
17;14;100
17;15;10
18;14;100
18;15;50
19;14;10
19;15;70
20;14;70
20;15;50
21;16;10
21;17;100
21;18;10
22;17;10
22;18;70
23;17;50
23;18;100
24;17;50
24;18;50
25;19;10
25;20;50
25;21;10
26;20;50
26;21;70
27;20;70
27;21;100
28;20;50
28;21;100
29;22;50
29;23;70
29;24;100
30;23;70
30;24;100
31;23;10
31;24;50
32;23;10
32;24;50
33;25;70
33;26;50
33;27;100
34;26;70
34;27;70
35;26;70
35;27;50
36;26;100
36;27;70
37;26;70
37;27;50
38;28;10
38;29;100
38;30;70
39;29;50
39;30;70
40;29;70
40;30;100
41;29;10
41;30;10
42;29;70
42;30;70
43;31;100
43;32;50
43;33;10
44;32;10
44;33;70
45;32;100
45;33;100
46;32;10
46;33;50
47;32;70
47;33;10
48;34;100
48;35;70
48;36;10
49;35;100
49;36;10
50;35;50
50;36;70
51;35;50
51;36;100
52;35;50
52;36;10
53;37;70
53;38;10
53;39;50
54;38;50
54;39;50
55;38;50
55;39;70
56;38;100
56;39;100
57;38;10
57;39;50
0;0;80
0;1;70
0;2;60
0;3;50
0;4;40
0;5;30
0;6;20
0;7;10
1;0;10
1;1;10
1;2;10
1;3;10
1;4;10
1;5;10
1;6;10
1;7;10
2;0;10
2;1;10
2;2;10
2;3;10
2;4;10
2;5;10
2;6;10
2;7;10
3;0;80
3;1;70
3;2;60
3;3;50
3;4;40
3;5;30
3;6;20
3;7;10
4;0;10
4;1;20
4;2;30
4;3;40
4;4;50
4;5;60
4;6;70
4;7;80
5;0;10
5;1;10
5;2;10
5;3;10
5;4;10
5;5;10
5;6;10
5;7;10
6;0;10
6;1;20
6;2;30
6;3;40
6;4;50
6;5;60
6;6;70
6;7;80
7;0;10
7;1;20
7;2;30
7;3;40
7;4;50
7;5;60
7;6;70
7;7;80
8;0;10
8;1;20
8;2;30
8;3;40
8;4;50
8;5;60
8;6;70
8;7;80
9;0;10
9;1;20
9;2;30
9;3;40
9;4;50
9;5;60
9;6;70
9;7;80
10;0;10
10;1;10
10;2;10
10;3;10
10;4;10
10;5;10
10;6;10
10;7;10
11;0;10
11;1;10
11;2;10
11;3;10
11;4;10
11;5;10
11;6;10
11;7;10
12;0;80
12;1;70
12;2;60
12;3;50
12;4;40
12;5;30
12;6;20
12;7;10
13;0;80
13;1;70
13;2;60
13;3;50
13;4;40
13;5;30
13;6;20
13;7;10
14;0;10
14;1;10
14;2;10
14;3;10
14;4;10
14;5;10
14;6;10
14;7;10
15;0;80
15;1;70
15;2;60
15;3;50
15;4;40
15;5;30
15;6;20
15;7;10
16;0;10
16;1;20
16;2;30
16;3;40
16;4;50
16;5;60
16;6;70
16;7;80
17;0;10
17;1;10
17;2;10
17;3;10
17;4;10
17;5;10
17;6;10
17;7;10
18;0;10
18;1;10
18;2;10
18;3;10
18;4;10
18;5;10
18;6;10
18;7;10
19;0;80
19;1;70
19;2;60
19;3;50
19;4;40
19;5;30
19;6;20
19;7;10
20;0;10
20;1;20
20;2;30
20;3;40
20;4;50
20;5;60
20;6;70
20;7;80
21;0;80
21;1;70
21;2;60
21;3;50
21;4;40
21;5;30
21;6;20
21;7;10
22;0;10
22;1;20
22;2;30
22;3;40
22;4;50
22;5;60
22;6;70
22;7;80
23;0;80
23;1;70
23;2;60
23;3;50
23;4;40
23;5;30
23;6;20
23;7;10
24;0;80
24;1;70
24;2;60
24;3;50
24;4;40
24;5;30
24;6;20
24;7;10
25;0;10
25;1;10
25;2;10
25;3;10
25;4;10
25;5;10
25;6;10
25;7;10
26;0;10
26;1;20
26;2;30
26;3;40
26;4;50
26;5;60
26;6;70
26;7;80
27;0;10
27;1;10
27;2;10
27;3;10
27;4;10
27;5;10
27;6;10
27;7;10
28;0;10
28;1;20
28;2;30
28;3;40
28;4;50
28;5;60
28;6;70
28;7;80
29;0;80
29;1;70
29;2;60
29;3;50
29;4;40
29;5;30
29;6;20
29;7;10
30;0;80
30;1;70
30;2;60
30;3;50
30;4;40
30;5;30
30;6;20
30;7;10
31;0;10
31;1;20
31;2;30
31;3;40
31;4;50
31;5;60
31;6;70
31;7;80
32;0;10
32;1;10
32;2;10
32;3;10
32;4;10
32;5;10
32;6;10
32;7;10
33;0;80
33;1;70
33;2;60
33;3;50
33;4;40
33;5;30
33;6;20
33;7;10
34;0;10
34;1;20
34;2;30
34;3;40
34;4;50
34;5;60
34;6;70
34;7;80
35;0;80
35;1;70
35;2;60
35;3;50
35;4;40
35;5;30
35;6;20
35;7;10
36;0;10
36;1;20
36;2;30
36;3;40
36;4;50
36;5;60
36;6;70
36;7;80
37;0;10
37;1;20
37;2;30
37;3;40
37;4;50
37;5;60
37;6;70
37;7;80
38;0;10
38;1;20
38;2;30
38;3;40
38;4;50
38;5;60
38;6;70
38;7;80
39;0;80
39;1;70
39;2;60
39;3;50
39;4;40
39;5;30
39;6;20
39;7;10
40;0;10
40;1;20
40;2;30
40;3;40
40;4;50
40;5;60
40;6;70
40;7;80
41;0;10
41;1;20
41;2;30
41;3;40
41;4;50
41;5;60
41;6;70
41;7;80
42;0;10
42;1;20
42;2;30
42;3;40
42;4;50
42;5;60
42;6;70
42;7;80
43;0;10
43;1;10
43;2;10
43;3;10
43;4;10
43;5;10
43;6;10
43;7;10
44;0;10
44;1;10
44;2;10
44;3;10
44;4;10
44;5;10
44;6;10
44;7;10
45;0;10
45;1;20
45;2;30
45;3;40
45;4;50
45;5;60
45;6;70
45;7;80
46;0;80
46;1;70
46;2;60
46;3;50
46;4;40
46;5;30
46;6;20
46;7;10
47;0;10
47;1;10
47;2;10
47;3;10
47;4;10
47;5;10
47;6;10
47;7;10
48;0;10
48;1;20
48;2;30
48;3;40
48;4;50
48;5;60
48;6;70
48;7;80
49;0;10
49;1;20
49;2;30
49;3;40
49;4;50
49;5;60
49;6;70
49;7;80
50;0;10
50;1;10
50;2;10
50;3;10
50;4;10
50;5;10
50;6;10
50;7;10
51;0;10
51;1;10
51;2;10
51;3;10
51;4;10
51;5;10
51;6;10
51;7;10
52;0;10
52;1;10
52;2;10
52;3;10
52;4;10
52;5;10
52;6;10
52;7;10
53;0;80
53;1;70
53;2;60
53;3;50
53;4;40
53;5;30
53;6;20
53;7;10
54;0;80
54;1;70
54;2;60
54;3;50
54;4;40
54;5;30
54;6;20
54;7;10
55;0;10
55;1;10
55;2;10
55;3;10
55;4;10
55;5;10
55;6;10
55;7;10
56;0;80
56;1;70
56;2;60
56;3;50
56;4;40
56;5;30
56;6;20
56;7;10
57;0;10
57;1;20
57;2;30
57;3;40
57;4;50
57;5;60
57;6;70
57;7;80
