900;450;2162
0;0;70
1;0;100
1;1;100
1;3;100
2;0;10
2;4;70
2;6;100
3;1;70
3;2;100
3;3;70
3;7;50
3;9;10
4;2;10
4;3;100
4;10;70
4;12;100
5;2;100
5;3;50
5;13;70
5;15;10
6;4;50
6;5;50
6;6;10
6;16;50
6;18;10
7;5;70
7;6;10
7;19;70
7;21;100
8;5;10
8;6;70
8;22;50
8;24;70
9;7;10
9;8;50
9;9;50
9;25;100
9;27;50
10;8;70
10;9;100
10;28;10
10;30;70
11;8;100
11;9;100
11;31;50
11;33;50
12;8;50
12;9;100
12;34;100
12;36;50
13;10;70
13;11;50
13;12;100
13;37;10
13;39;100
14;11;10
14;12;10
14;40;50
14;42;10
15;11;10
15;12;100
15;43;70
15;45;10
16;11;50
16;12;70
16;46;10
16;48;100
17;13;50
17;14;70
17;15;100
17;49;50
17;51;50
18;14;70
18;15;100
18;52;100
18;54;70
19;14;10
19;15;10
19;55;70
19;57;100
20;14;10
20;15;70
20;58;100
20;60;70
21;16;100
21;17;100
21;18;100
21;61;70
21;63;100
22;17;70
22;18;100
22;64;50
22;66;100
23;17;100
23;18;100
23;67;70
23;69;10
24;17;70
24;18;10
24;70;50
24;72;70
25;19;70
25;20;10
25;21;50
25;73;10
25;75;100
26;20;10
26;21;100
26;76;100
26;78;100
27;20;70
27;21;100
27;79;10
27;81;10
28;20;100
28;21;70
28;82;70
28;84;70
29;22;50
29;23;50
29;24;100
29;85;100
29;87;100
30;23;70
30;24;10
30;88;100
30;90;100
31;23;100
31;24;50
31;91;50
31;93;100
32;23;70
32;24;10
32;94;100
32;96;100
33;25;70
33;26;10
33;27;50
33;97;70
33;99;10
34;26;100
34;27;70
34;100;100
34;102;10
35;26;100
35;27;50
35;103;70
35;105;50
36;26;10
36;27;50
36;106;100
36;108;100
37;26;70
37;27;100
37;109;50
37;111;50
38;28;50
38;29;100
38;30;10
38;112;100
38;114;70
39;29;50
39;30;10
39;115;70
39;117;100
40;29;50
40;30;50
40;118;100
40;120;10
41;29;50
41;30;70
41;121;70
41;123;70
42;29;100
42;30;10
42;124;10
42;126;10
43;31;100
43;32;100
43;33;10
43;127;100
43;129;50
44;32;70
44;33;70
44;130;70
44;132;10
45;32;50
45;33;100
45;133;50
45;135;50
46;32;70
46;33;50
46;136;10
46;138;50
47;32;70
47;33;70
47;139;50
47;141;70
48;34;70
48;35;50
48;36;50
48;142;100
48;144;100
49;35;10
49;36;70
49;145;10
49;147;50
50;35;100
50;36;10
50;148;10
50;150;10
51;35;10
51;36;100
51;151;70
51;153;50
52;35;70
52;36;50
52;154;100
52;156;10
53;37;10
53;38;70
53;39;50
53;157;70
53;159;10
54;38;10
54;39;10
54;160;100
54;162;100
55;38;70
55;39;10
55;163;100
55;165;50
56;38;70
56;39;50
56;166;10
56;168;100
57;38;50
57;39;10
57;169;70
57;171;10
58;40;10
58;41;10
58;42;50
58;172;100
58;174;50
59;41;50
59;42;10
59;175;50
59;177;50
60;41;50
60;42;50
60;178;70
60;180;50
61;41;70
61;42;50
61;181;70
61;183;100
62;41;70
62;42;10
62;184;50
62;186;50
63;43;10
63;44;10
63;45;70
63;187;100
63;189;100
64;44;70
64;45;70
64;190;50
64;192;10
65;44;50
65;45;70
65;193;10
65;195;50
66;44;100
66;45;70
66;196;70
66;198;50
67;44;70
67;45;100
67;199;70
67;201;10
68;46;100
68;47;10
68;48;10
68;202;70
68;204;70
69;47;70
69;48;70
69;205;50
69;207;10
70;47;10
70;48;50
70;208;100
70;210;10
71;47;100
71;48;70
71;211;100
71;213;50
72;47;70
72;48;10
72;214;70
72;216;100
73;49;10
73;50;70
73;51;10
73;217;70
73;219;50
74;50;10
74;51;100
74;220;10
74;222;10
75;50;70
75;51;70
75;223;70
75;225;50
76;50;100
76;51;10
76;226;70
76;228;70
77;50;10
77;51;10
77;229;100
77;231;70
78;52;100
78;53;70
78;54;70
78;232;50
78;234;100
79;53;10
79;54;70
79;235;100
79;237;10
80;53;100
80;54;50
80;238;50
80;240;50
81;53;50
81;54;10
81;241;100
81;243;100
82;53;50
82;54;100
82;244;100
82;246;10
83;55;70
83;56;10
83;57;70
83;247;10
83;249;100
84;56;50
84;57;70
84;250;10
84;252;70
85;56;70
85;57;100
85;253;10
85;255;70
86;56;100
86;57;10
86;256;50
86;258;70
87;56;50
87;57;100
87;259;70
87;261;10
88;58;100
88;59;100
88;60;50
88;262;70
88;264;50
89;59;50
89;60;50
89;265;70
89;267;100
90;59;10
90;60;70
90;268;70
90;270;70
91;59;70
91;60;50
91;271;70
91;273;50
92;59;100
92;60;50
92;274;100
92;276;10
93;61;10
93;62;10
93;63;100
93;277;10
93;279;50
94;62;100
94;63;70
94;280;10
94;282;70
95;62;70
95;63;50
95;283;10
95;285;100
96;62;50
96;63;50
96;286;70
96;288;70
97;62;70
97;63;10
97;289;70
97;291;70
98;64;50
98;65;10
98;66;100
98;292;10
98;294;50
99;65;10
99;66;10
99;295;100
99;297;10
100;65;100
100;66;50
100;298;70
100;300;70
101;65;70
101;66;70
101;301;70
101;303;50
102;65;10
102;66;100
102;304;50
102;306;50
103;67;100
103;68;50
103;69;50
103;307;70
103;309;50
104;68;70
104;69;10
104;310;70
104;312;50
105;68;50
105;69;70
105;313;50
105;315;100
106;68;100
106;69;10
106;316;100
106;318;100
107;68;50
107;69;10
107;319;50
107;321;100
108;70;10
108;71;100
108;72;100
108;322;70
108;324;70
109;71;10
109;72;10
109;325;100
109;327;100
110;71;100
110;72;50
110;328;100
110;330;10
111;71;10
111;72;10
111;331;50
111;333;50
112;71;70
112;72;100
112;334;50
112;336;50
113;73;10
113;74;50
113;75;70
113;337;10
113;339;70
114;74;10
114;75;70
114;340;10
114;342;70
115;74;100
115;75;100
115;343;70
115;345;70
116;74;10
116;75;70
116;346;100
116;348;50
117;74;50
117;75;10
117;349;100
117;351;100
118;76;100
118;77;50
118;78;10
118;352;100
118;354;70
119;77;100
119;78;70
119;355;100
119;357;70
120;77;100
120;78;70
120;358;10
120;360;100
121;77;70
121;78;70
121;361;100
121;363;10
122;77;50
122;78;10
122;364;70
122;366;100
123;79;10
123;80;70
123;81;10
123;367;100
123;369;100
124;80;100
124;81;100
124;370;50
124;372;100
125;80;50
125;81;100
125;373;10
125;375;50
126;80;50
126;81;10
126;376;10
126;378;70
127;80;100
127;81;10
127;379;10
127;381;100
128;82;50
128;83;70
128;84;100
128;382;50
128;384;100
129;83;70
129;84;50
129;385;70
129;387;10
130;83;50
130;84;70
130;388;70
130;390;10
131;83;10
131;84;100
131;391;100
131;393;100
132;83;100
132;84;100
132;394;10
132;396;100
133;85;70
133;86;100
133;87;70
133;397;100
133;399;50
134;86;50
134;87;50
134;400;70
134;402;70
135;86;50
135;87;10
135;403;70
135;405;10
136;86;10
136;87;50
136;406;70
136;408;50
137;86;50
137;87;70
137;409;100
137;411;70
138;88;10
138;89;70
138;90;10
138;412;10
138;414;50
139;89;70
139;90;100
139;415;70
139;417;50
140;89;70
140;90;50
140;418;100
140;420;50
141;89;70
141;90;50
141;421;70
141;423;100
142;89;100
142;90;10
142;424;100
142;426;70
143;91;50
143;92;10
143;93;100
143;427;50
143;429;10
144;92;70
144;93;50
144;430;70
144;432;70
145;92;70
145;93;50
145;433;50
145;435;10
146;92;10
146;93;10
146;436;50
146;438;100
147;92;100
147;93;50
147;439;70
147;441;10
148;94;70
148;95;50
148;96;70
148;442;50
148;444;10
149;95;70
149;96;10
149;445;70
149;447;50
150;95;10
150;96;50
150;448;70
151;95;10
151;96;70
152;95;10
152;96;70
153;97;70
153;98;70
153;99;50
154;98;70
154;99;70
155;98;10
155;99;10
156;98;70
156;99;50
157;98;50
157;99;10
158;98;50
158;99;50
159;100;100
159;101;70
159;102;70
160;101;70
160;102;100
161;101;70
161;102;10
162;101;50
162;102;10
163;101;100
163;102;70
164;101;50
164;102;50
165;103;100
165;104;50
165;105;10
166;104;10
166;105;100
167;104;100
167;105;100
168;104;50
168;105;10
169;104;70
169;105;100
170;104;70
170;105;10
171;106;10
171;107;50
171;108;10
172;107;10
172;108;70
173;107;100
173;108;50
174;107;50
174;108;70
175;107;70
175;108;10
176;107;100
176;108;70
177;109;70
177;110;10
177;111;10
178;110;70
178;111;10
179;110;10
179;111;100
180;110;70
180;111;100
181;110;70
181;111;50
182;110;70
182;111;100
183;112;10
183;113;50
183;114;100
184;113;50
184;114;10
185;113;70
185;114;100
186;113;70
186;114;70
187;113;50
187;114;10
188;113;10
188;114;70
189;115;50
189;116;70
189;117;100
190;116;50
190;117;50
191;116;50
191;117;100
192;116;50
192;117;10
193;116;100
193;117;50
194;116;70
194;117;70
195;118;100
195;119;100
195;120;50
196;119;100
196;120;70
197;119;50
197;120;10
198;119;10
198;120;100
199;119;70
199;120;100
200;119;70
200;120;70
201;121;70
201;122;50
201;123;10
202;122;10
202;123;50
203;122;100
203;123;70
204;122;10
204;123;10
205;122;10
205;123;70
206;122;70
206;123;70
207;124;50
207;125;70
207;126;10
208;125;100
208;126;70
209;125;50
209;126;70
210;125;100
210;126;100
211;125;10
211;126;10
212;125;70
212;126;10
213;127;50
213;128;100
213;129;10
214;128;70
214;129;10
215;128;70
215;129;50
216;128;70
216;129;50
217;128;100
217;129;10
218;128;10
218;129;10
219;130;10
219;131;50
219;132;50
220;131;100
220;132;10
221;131;50
221;132;50
222;131;50
222;132;50
223;131;100
223;132;100
224;131;100
224;132;10
225;133;10
225;134;50
225;135;10
226;134;70
226;135;10
227;134;50
227;135;50
228;134;70
228;135;100
229;134;10
229;135;10
230;134;100
230;135;100
231;136;70
231;137;50
231;138;50
232;137;70
232;138;10
233;137;50
233;138;50
234;137;100
234;138;10
235;137;100
235;138;100
236;137;10
236;138;100
237;139;50
237;140;100
237;141;50
238;140;10
238;141;70
239;140;10
239;141;100
240;140;10
240;141;10
241;140;50
241;141;70
242;140;100
242;141;70
243;142;10
243;143;50
243;144;70
244;143;100
244;144;50
245;143;50
245;144;50
246;143;10
246;144;70
247;143;100
247;144;50
248;143;10
248;144;10
249;145;70
249;146;70
249;147;50
250;146;100
250;147;50
251;146;100
251;147;100
252;146;10
252;147;100
253;146;50
253;147;70
254;146;50
254;147;100
255;148;70
255;149;50
255;150;50
256;149;50
256;150;70
257;149;70
257;150;50
258;149;10
258;150;10
259;149;70
259;150;100
260;149;70
260;150;100
261;151;10
261;152;50
261;153;100
262;152;70
262;153;50
263;152;50
263;153;50
264;152;10
264;153;50
265;152;50
265;153;100
266;152;70
266;153;10
267;154;50
267;155;70
267;156;50
268;155;100
268;156;70
269;155;100
269;156;100
270;155;70
270;156;100
271;155;10
271;156;100
272;155;100
272;156;70
273;157;50
273;158;70
273;159;10
274;158;70
274;159;10
275;158;100
275;159;100
276;158;50
276;159;10
277;158;10
277;159;70
278;158;100
278;159;70
279;160;100
279;161;10
279;162;70
280;161;50
280;162;10
281;161;50
281;162;70
282;161;10
282;162;10
283;161;100
283;162;100
284;161;70
284;162;50
285;163;50
285;164;70
285;165;100
286;164;50
286;165;100
287;164;70
287;165;50
288;164;50
288;165;50
289;164;70
289;165;10
290;164;100
290;165;70
291;166;50
291;167;50
291;168;100
292;167;70
292;168;100
293;167;100
293;168;70
294;167;10
294;168;50
295;167;70
295;168;10
296;167;70
296;168;10
297;169;50
297;170;10
297;171;100
298;170;10
298;171;50
299;170;70
299;171;50
300;170;70
300;171;100
301;170;50
301;171;70
302;170;70
302;171;100
303;172;100
303;173;50
303;174;50
304;173;70
304;174;70
305;173;10
305;174;100
306;173;50
306;174;10
307;173;100
307;174;10
308;173;100
308;174;10
309;175;10
309;176;10
309;177;70
310;176;70
310;177;10
311;176;10
311;177;10
312;176;100
312;177;50
313;176;50
313;177;10
314;176;100
314;177;10
315;178;70
315;179;10
315;180;10
316;179;70
316;180;100
317;179;70
317;180;100
318;179;100
318;180;70
319;179;10
319;180;100
320;179;70
320;180;100
321;181;50
321;182;10
321;183;10
322;182;100
322;183;70
323;182;10
323;183;50
324;182;70
324;183;70
325;182;70
325;183;10
326;182;10
326;183;50
327;184;70
327;185;70
327;186;100
328;185;100
328;186;10
329;185;100
329;186;10
330;185;70
330;186;100
331;185;50
331;186;100
332;185;10
332;186;100
333;187;50
333;188;50
333;189;70
334;188;100
334;189;70
335;188;10
335;189;10
336;188;70
336;189;10
337;188;100
337;189;70
338;188;10
338;189;50
339;190;70
339;191;10
339;192;50
340;191;70
340;192;70
341;191;10
341;192;50
342;191;70
342;192;50
343;191;70
343;192;100
344;191;70
344;192;100
345;193;10
345;194;70
345;195;10
346;194;50
346;195;50
347;194;10
347;195;50
348;194;10
348;195;70
349;194;50
349;195;50
350;194;50
350;195;10
351;196;10
351;197;100
351;198;70
352;197;10
352;198;100
353;197;50
353;198;50
354;197;100
354;198;10
355;197;70
355;198;50
356;197;50
356;198;10
357;199;10
357;200;10
357;201;10
358;200;50
358;201;10
359;200;10
359;201;100
360;200;70
360;201;70
361;200;100
361;201;70
362;200;70
362;201;100
363;202;50
363;203;50
363;204;70
364;203;100
364;204;10
365;203;50
365;204;10
366;203;100
366;204;50
367;203;50
367;204;10
368;203;50
368;204;70
369;205;10
369;206;50
369;207;50
370;206;70
370;207;50
371;206;70
371;207;50
372;206;70
372;207;70
373;206;10
373;207;50
374;206;100
374;207;100
375;208;50
375;209;10
375;210;10
376;209;100
376;210;10
377;209;100
377;210;70
378;209;100
378;210;50
379;209;70
379;210;100
380;209;100
380;210;100
381;211;50
381;212;100
381;213;100
382;212;10
382;213;100
383;212;70
383;213;70
384;212;100
384;213;100
385;212;10
385;213;10
386;212;70
386;213;50
387;214;10
387;215;50
387;216;70
388;215;100
388;216;50
389;215;70
389;216;50
390;215;70
390;216;100
391;215;100
391;216;100
392;215;10
392;216;100
393;217;70
393;218;70
393;219;50
394;218;100
394;219;50
395;218;10
395;219;70
396;218;100
396;219;10
397;218;70
397;219;10
398;218;50
398;219;100
399;220;70
399;221;100
399;222;70
400;221;10
400;222;100
401;221;100
401;222;10
402;221;10
402;222;70
403;221;70
403;222;50
404;221;50
404;222;50
405;223;50
405;224;100
405;225;10
406;224;100
406;225;100
407;224;50
407;225;50
408;224;50
408;225;10
409;224;70
409;225;10
410;224;70
410;225;70
411;226;70
411;227;10
411;228;70
412;227;70
412;228;50
413;227;70
413;228;50
414;227;70
414;228;70
415;227;100
415;228;70
416;227;10
416;228;10
417;229;50
417;230;50
417;231;100
418;230;10
418;231;10
419;230;50
419;231;10
420;230;70
420;231;50
421;230;50
421;231;100
422;230;10
422;231;70
423;232;70
423;233;10
423;234;70
424;233;50
424;234;70
425;233;50
425;234;10
426;233;70
426;234;50
427;233;70
427;234;100
428;233;10
428;234;50
429;235;10
429;236;70
429;237;70
430;236;10
430;237;100
431;236;70
431;237;100
432;236;100
432;237;100
433;236;100
433;237;50
434;236;70
434;237;70
435;238;100
435;239;70
435;240;100
436;239;70
436;240;100
437;239;50
437;240;50
438;239;50
438;240;50
439;239;10
439;240;100
440;239;100
440;240;100
441;241;50
441;242;50
441;243;50
442;242;70
442;243;10
443;242;100
443;243;100
444;242;50
444;243;10
445;242;100
445;243;10
446;242;70
446;243;100
447;244;50
447;245;70
447;246;70
448;245;50
448;246;70
449;245;10
449;246;50
450;245;50
450;246;100
451;245;50
451;246;100
452;245;50
452;246;70
453;247;10
453;248;100
453;249;100
454;248;100
454;249;100
455;248;70
455;249;10
456;248;100
456;249;50
457;248;10
457;249;10
458;248;70
458;249;10
459;250;10
459;251;100
459;252;50
460;251;100
460;252;100
461;251;100
461;252;10
462;251;100
462;252;50
463;251;10
463;252;100
464;251;10
464;252;10
465;253;50
465;254;70
465;255;50
466;254;100
466;255;70
467;254;50
467;255;100
468;254;70
468;255;50
469;254;100
469;255;100
470;254;50
470;255;100
471;256;100
471;257;10
471;258;100
472;257;100
472;258;50
473;257;100
473;258;100
474;257;70
474;258;10
475;257;70
475;258;50
476;257;10
476;258;10
477;259;10
477;260;70
477;261;70
478;260;100
478;261;70
479;260;10
479;261;100
480;260;50
480;261;50
481;260;100
481;261;70
482;260;100
482;261;10
483;262;70
483;263;10
483;264;100
484;263;10
484;264;50
485;263;100
485;264;50
486;263;70
486;264;10
487;263;10
487;264;50
488;263;50
488;264;10
489;265;100
489;266;100
489;267;50
490;266;100
490;267;50
491;266;50
491;267;100
492;266;50
492;267;50
493;266;70
493;267;50
494;266;50
494;267;50
495;268;70
495;269;100
495;270;50
496;269;50
496;270;10
497;269;50
497;270;10
498;269;70
498;270;100
499;269;10
499;270;10
500;269;70
500;270;10
501;271;100
501;272;70
501;273;50
502;272;10
502;273;70
503;272;50
503;273;100
504;272;100
504;273;10
505;272;50
505;273;100
506;272;10
506;273;50
507;274;10
507;275;70
507;276;10
508;275;100
508;276;10
509;275;70
509;276;10
510;275;100
510;276;70
511;275;70
511;276;50
512;275;10
512;276;100
513;277;100
513;278;100
513;279;100
514;278;100
514;279;10
515;278;100
515;279;10
516;278;70
516;279;70
517;278;50
517;279;10
518;278;100
518;279;10
519;280;100
519;281;70
519;282;70
520;281;100
520;282;70
521;281;100
521;282;10
522;281;70
522;282;100
523;281;70
523;282;10
524;281;50
524;282;50
525;283;100
525;284;100
525;285;50
526;284;100
526;285;50
527;284;70
527;285;50
528;284;10
528;285;50
529;284;70
529;285;50
530;284;50
530;285;10
531;286;50
531;287;50
531;288;100
532;287;100
532;288;70
533;287;50
533;288;50
534;287;50
534;288;10
535;287;10
535;288;70
536;287;100
536;288;50
537;289;10
537;290;50
537;291;100
538;290;70
538;291;10
539;290;10
539;291;70
540;290;100
540;291;50
541;290;70
541;291;100
542;290;10
542;291;70
543;292;10
543;293;70
543;294;70
544;293;70
544;294;70
545;293;50
545;294;70
546;293;100
546;294;50
547;293;70
547;294;10
548;293;10
548;294;100
549;295;70
549;296;100
549;297;100
550;296;50
550;297;100
551;296;10
551;297;50
552;296;50
552;297;70
553;296;10
553;297;10
554;296;100
554;297;100
555;298;100
555;299;100
555;300;100
556;299;100
556;300;10
557;299;50
557;300;100
558;299;50
558;300;100
559;299;70
559;300;100
560;299;100
560;300;70
561;301;50
561;302;50
561;303;50
562;302;70
562;303;50
563;302;100
563;303;10
564;302;100
564;303;100
565;302;100
565;303;10
566;302;10
566;303;50
567;304;70
567;305;50
567;306;50
568;305;10
568;306;100
569;305;100
569;306;10
570;305;50
570;306;10
571;305;10
571;306;100
572;305;50
572;306;10
573;307;100
573;308;70
573;309;100
574;308;100
574;309;100
575;308;70
575;309;100
576;308;10
576;309;100
577;308;50
577;309;10
578;308;50
578;309;10
579;310;70
579;311;10
579;312;10
580;311;70
580;312;50
581;311;70
581;312;10
582;311;10
582;312;70
583;311;10
583;312;10
584;311;100
584;312;10
585;313;50
585;314;100
585;315;50
586;314;70
586;315;70
587;314;10
587;315;100
588;314;50
588;315;50
589;314;70
589;315;100
590;314;70
590;315;50
591;316;100
591;317;10
591;318;70
592;317;50
592;318;50
593;317;70
593;318;70
594;317;10
594;318;70
595;317;50
595;318;100
596;317;70
596;318;50
597;319;50
597;320;70
597;321;50
598;320;10
598;321;70
599;320;50
599;321;70
600;320;10
600;321;10
601;320;100
601;321;50
602;320;10
602;321;100
603;322;100
603;323;10
603;324;50
604;323;50
604;324;70
605;323;100
605;324;50
606;323;50
606;324;50
607;323;70
607;324;10
608;323;70
608;324;100
609;325;70
609;326;100
609;327;50
610;326;100
610;327;50
611;326;50
611;327;10
612;326;10
612;327;100
613;326;70
613;327;10
614;326;100
614;327;70
615;328;70
615;329;50
615;330;70
616;329;10
616;330;10
617;329;50
617;330;10
618;329;50
618;330;100
619;329;50
619;330;100
620;329;10
620;330;70
621;331;70
621;332;70
621;333;50
622;332;70
622;333;100
623;332;70
623;333;100
624;332;50
624;333;50
625;332;70
625;333;10
626;332;10
626;333;10
627;334;100
627;335;70
627;336;100
628;335;100
628;336;10
629;335;50
629;336;10
630;335;50
630;336;100
631;335;100
631;336;70
632;335;100
632;336;100
633;337;50
633;338;100
633;339;10
634;338;70
634;339;50
635;338;70
635;339;70
636;338;100
636;339;50
637;338;100
637;339;50
638;338;100
638;339;50
639;340;50
639;341;70
639;342;100
640;341;50
640;342;100
641;341;70
641;342;100
642;341;100
642;342;50
643;341;100
643;342;10
644;341;50
644;342;10
645;343;70
645;344;50
645;345;50
646;344;10
646;345;100
647;344;50
647;345;100
648;344;10
648;345;50
649;344;70
649;345;100
650;344;70
650;345;100
651;346;70
651;347;100
651;348;50
652;347;70
652;348;10
653;347;70
653;348;100
654;347;10
654;348;10
655;347;10
655;348;10
656;347;100
656;348;10
657;349;50
657;350;70
657;351;50
658;350;10
658;351;50
659;350;100
659;351;10
660;350;70
660;351;100
661;350;50
661;351;50
662;350;100
662;351;50
663;352;70
663;353;10
663;354;100
664;353;50
664;354;10
665;353;50
665;354;100
666;353;100
666;354;100
667;353;10
667;354;100
668;353;100
668;354;50
669;355;100
669;356;70
669;357;70
670;356;10
670;357;50
671;356;100
671;357;70
672;356;70
672;357;50
673;356;50
673;357;10
674;356;10
674;357;70
675;358;10
675;359;70
675;360;70
676;359;70
676;360;70
677;359;70
677;360;100
678;359;100
678;360;10
679;359;70
679;360;100
680;359;50
680;360;70
681;361;100
681;362;50
681;363;70
682;362;100
682;363;50
683;362;50
683;363;70
684;362;50
684;363;100
685;362;70
685;363;50
686;362;10
686;363;100
687;364;50
687;365;10
687;366;100
688;365;70
688;366;50
689;365;50
689;366;10
690;365;10
690;366;10
691;365;100
691;366;50
692;365;10
692;366;50
693;367;100
693;368;10
693;369;70
694;368;70
694;369;50
695;368;50
695;369;50
696;368;50
696;369;10
697;368;70
697;369;70
698;368;50
698;369;100
699;370;70
699;371;70
699;372;100
700;371;50
700;372;70
701;371;100
701;372;100
702;371;100
702;372;100
703;371;100
703;372;10
704;371;70
704;372;10
705;373;100
705;374;10
705;375;10
706;374;70
706;375;100
707;374;70
707;375;10
708;374;10
708;375;100
709;374;10
709;375;50
710;374;10
710;375;70
711;376;10
711;377;70
711;378;10
712;377;50
712;378;50
713;377;50
713;378;100
714;377;10
714;378;50
715;377;50
715;378;100
716;377;50
716;378;50
717;379;70
717;380;100
717;381;10
718;380;10
718;381;50
719;380;70
719;381;10
720;380;100
720;381;100
721;380;100
721;381;70
722;380;50
722;381;10
723;382;70
723;383;10
723;384;70
724;383;100
724;384;10
725;383;50
725;384;70
726;383;50
726;384;50
727;383;50
727;384;50
728;383;50
728;384;10
729;385;70
729;386;10
729;387;70
730;386;100
730;387;50
731;386;50
731;387;10
732;386;50
732;387;50
733;386;50
733;387;70
734;386;70
734;387;70
735;388;100
735;389;70
735;390;50
736;389;100
736;390;70
737;389;10
737;390;70
738;389;70
738;390;50
739;389;70
739;390;70
740;389;100
740;390;10
741;391;10
741;392;100
741;393;10
742;392;50
742;393;70
743;392;100
743;393;10
744;392;50
744;393;70
745;392;10
745;393;70
746;392;50
746;393;100
747;394;10
747;395;50
747;396;70
748;395;100
748;396;10
749;395;70
749;396;70
750;395;10
750;396;70
751;395;70
751;396;70
752;395;50
752;396;70
753;397;70
753;398;50
753;399;10
754;398;100
754;399;100
755;398;100
755;399;10
756;398;50
756;399;10
757;398;100
757;399;10
758;398;10
758;399;50
759;400;100
759;401;100
759;402;70
760;401;100
760;402;50
761;401;70
761;402;10
762;401;70
762;402;50
763;401;70
763;402;50
764;401;70
764;402;50
765;403;10
765;404;10
765;405;50
766;404;10
766;405;100
767;404;10
767;405;10
768;404;70
768;405;50
769;404;10
769;405;50
770;404;70
770;405;100
771;406;10
771;407;10
771;408;70
772;407;70
772;408;70
773;407;10
773;408;50
774;407;100
774;408;100
775;407;70
775;408;50
776;407;70
776;408;50
777;409;50
777;410;70
777;411;50
778;410;50
778;411;100
779;410;100
779;411;10
780;410;10
780;411;100
781;410;10
781;411;10
782;410;70
782;411;10
783;412;50
783;413;50
783;414;100
784;413;100
784;414;70
785;413;10
785;414;70
786;413;100
786;414;70
787;413;50
787;414;70
788;413;50
788;414;10
789;415;100
789;416;70
789;417;10
790;416;10
790;417;70
791;416;10
791;417;10
792;416;50
792;417;50
793;416;50
793;417;100
794;416;10
794;417;70
795;418;50
795;419;50
795;420;100
796;419;70
796;420;50
797;419;100
797;420;10
798;419;50
798;420;50
799;419;50
799;420;100
800;419;70
800;420;50
801;421;100
801;422;10
801;423;100
802;422;10
802;423;70
803;422;10
803;423;10
804;422;70
804;423;10
805;422;100
805;423;100
806;422;10
806;423;70
807;424;10
807;425;50
807;426;70
808;425;70
808;426;100
809;425;50
809;426;50
810;425;100
810;426;70
811;425;50
811;426;50
812;425;70
812;426;10
813;427;50
813;428;100
813;429;50
814;428;10
814;429;10
815;428;50
815;429;50
816;428;100
816;429;100
817;428;70
817;429;10
818;428;100
818;429;100
819;430;10
819;431;50
819;432;100
820;431;100
820;432;100
821;431;70
821;432;70
822;431;10
822;432;100
823;431;50
823;432;10
824;431;100
824;432;50
825;433;10
825;434;50
825;435;50
826;434;100
826;435;100
827;434;70
827;435;100
828;434;10
828;435;100
829;434;10
829;435;10
830;434;100
830;435;100
831;436;70
831;437;50
831;438;10
832;437;100
832;438;10
833;437;50
833;438;70
834;437;10
834;438;100
835;437;100
835;438;10
836;437;50
836;438;10
837;439;70
837;440;50
837;441;100
838;440;70
838;441;50
839;440;70
839;441;10
840;440;50
840;441;100
841;440;100
841;441;70
842;440;100
842;441;10
843;442;100
843;443;100
843;444;50
844;443;70
844;444;10
845;443;100
845;444;10
846;443;100
846;444;100
847;443;70
847;444;70
848;443;100
848;444;10
849;445;10
849;446;70
849;447;70
850;446;50
850;447;50
851;446;100
851;447;50
852;446;70
852;447;100
853;446;50
853;447;50
854;446;50
854;447;70
855;448;10
855;449;50
856;449;10
857;449;70
858;449;70
859;449;50
860;449;50
0;0;10
0;1;20
0;2;30
0;3;40
0;4;50
0;5;60
0;6;70
0;7;80
1;0;80
1;1;70
1;2;60
1;3;50
1;4;40
1;5;30
1;6;20
1;7;10
2;0;80
2;1;70
2;2;60
2;3;50
2;4;40
2;5;30
2;6;20
2;7;10
3;0;10
3;1;10
3;2;10
3;3;10
3;4;10
3;5;10
3;6;10
3;7;10
4;0;80
4;1;70
4;2;60
4;3;50
4;4;40
4;5;30
4;6;20
4;7;10
5;0;80
5;1;70
5;2;60
5;3;50
5;4;40
5;5;30
5;6;20
5;7;10
6;0;10
6;1;10
6;2;10
6;3;10
6;4;10
6;5;10
6;6;10
6;7;10
7;0;10
7;1;10
7;2;10
7;3;10
7;4;10
7;5;10
7;6;10
7;7;10
8;0;10
8;1;10
8;2;10
8;3;10
8;4;10
8;5;10
8;6;10
8;7;10
9;0;80
9;1;70
9;2;60
9;3;50
9;4;40
9;5;30
9;6;20
9;7;10
10;0;80
10;1;70
10;2;60
10;3;50
10;4;40
10;5;30
10;6;20
10;7;10
11;0;10
11;1;20
11;2;30
11;3;40
11;4;50
11;5;60
11;6;70
11;7;80
12;0;80
12;1;70
12;2;60
12;3;50
12;4;40
12;5;30
12;6;20
12;7;10
13;0;10
13;1;20
13;2;30
13;3;40
13;4;50
13;5;60
13;6;70
13;7;80
14;0;80
14;1;70
14;2;60
14;3;50
14;4;40
14;5;30
14;6;20
14;7;10
15;0;10
15;1;20
15;2;30
15;3;40
15;4;50
15;5;60
15;6;70
15;7;80
16;0;10
16;1;20
16;2;30
16;3;40
16;4;50
16;5;60
16;6;70
16;7;80
17;0;10
17;1;10
17;2;10
17;3;10
17;4;10
17;5;10
17;6;10
17;7;10
18;0;10
18;1;10
18;2;10
18;3;10
18;4;10
18;5;10
18;6;10
18;7;10
19;0;10
19;1;10
19;2;10
19;3;10
19;4;10
19;5;10
19;6;10
19;7;10
20;0;80
20;1;70
20;2;60
20;3;50
20;4;40
20;5;30
20;6;20
20;7;10
21;0;10
21;1;20
21;2;30
21;3;40
21;4;50
21;5;60
21;6;70
21;7;80
22;0;10
22;1;20
22;2;30
22;3;40
22;4;50
22;5;60
22;6;70
22;7;80
23;0;10
23;1;20
23;2;30
23;3;40
23;4;50
23;5;60
23;6;70
23;7;80
24;0;10
24;1;10
24;2;10
24;3;10
24;4;10
24;5;10
24;6;10
24;7;10
25;0;10
25;1;10
25;2;10
25;3;10
25;4;10
25;5;10
25;6;10
25;7;10
26;0;10
26;1;10
26;2;10
26;3;10
26;4;10
26;5;10
26;6;10
26;7;10
27;0;10
27;1;10
27;2;10
27;3;10
27;4;10
27;5;10
27;6;10
27;7;10
28;0;10
28;1;10
28;2;10
28;3;10
28;4;10
28;5;10
28;6;10
28;7;10
29;0;80
29;1;70
29;2;60
29;3;50
29;4;40
29;5;30
29;6;20
29;7;10
30;0;80
30;1;70
30;2;60
30;3;50
30;4;40
30;5;30
30;6;20
30;7;10
31;0;10
31;1;20
31;2;30
31;3;40
31;4;50
31;5;60
31;6;70
31;7;80
32;0;80
32;1;70
32;2;60
32;3;50
32;4;40
32;5;30
32;6;20
32;7;10
33;0;10
33;1;20
33;2;30
33;3;40
33;4;50
33;5;60
33;6;70
33;7;80
34;0;10
34;1;20
34;2;30
34;3;40
34;4;50
34;5;60
34;6;70
34;7;80
35;0;10
35;1;20
35;2;30
35;3;40
35;4;50
35;5;60
35;6;70
35;7;80
36;0;10
36;1;20
36;2;30
36;3;40
36;4;50
36;5;60
36;6;70
36;7;80
37;0;80
37;1;70
37;2;60
37;3;50
37;4;40
37;5;30
37;6;20
37;7;10
38;0;10
38;1;20
38;2;30
38;3;40
38;4;50
38;5;60
38;6;70
38;7;80
39;0;10
39;1;20
39;2;30
39;3;40
39;4;50
39;5;60
39;6;70
39;7;80
40;0;10
40;1;20
40;2;30
40;3;40
40;4;50
40;5;60
40;6;70
40;7;80
41;0;10
41;1;10
41;2;10
41;3;10
41;4;10
41;5;10
41;6;10
41;7;10
42;0;10
42;1;20
42;2;30
42;3;40
42;4;50
42;5;60
42;6;70
42;7;80
43;0;10
43;1;10
43;2;10
43;3;10
43;4;10
43;5;10
43;6;10
43;7;10
44;0;80
44;1;70
44;2;60
44;3;50
44;4;40
44;5;30
44;6;20
44;7;10
45;0;10
45;1;20
45;2;30
45;3;40
45;4;50
45;5;60
45;6;70
45;7;80
46;0;10
46;1;10
46;2;10
46;3;10
46;4;10
46;5;10
46;6;10
46;7;10
47;0;10
47;1;10
47;2;10
47;3;10
47;4;10
47;5;10
47;6;10
47;7;10
48;0;10
48;1;20
48;2;30
48;3;40
48;4;50
48;5;60
48;6;70
48;7;80
49;0;10
49;1;20
49;2;30
49;3;40
49;4;50
49;5;60
49;6;70
49;7;80
50;0;10
50;1;10
50;2;10
50;3;10
50;4;10
50;5;10
50;6;10
50;7;10
51;0;10
51;1;10
51;2;10
51;3;10
51;4;10
51;5;10
51;6;10
51;7;10
52;0;10
52;1;10
52;2;10
52;3;10
52;4;10
52;5;10
52;6;10
52;7;10
53;0;80
53;1;70
53;2;60
53;3;50
53;4;40
53;5;30
53;6;20
53;7;10
54;0;80
54;1;70
54;2;60
54;3;50
54;4;40
54;5;30
54;6;20
54;7;10
55;0;80
55;1;70
55;2;60
55;3;50
55;4;40
55;5;30
55;6;20
55;7;10
56;0;10
56;1;20
56;2;30
56;3;40
56;4;50
56;5;60
56;6;70
56;7;80
57;0;10
57;1;20
57;2;30
57;3;40
57;4;50
57;5;60
57;6;70
57;7;80
58;0;80
58;1;70
58;2;60
58;3;50
58;4;40
58;5;30
58;6;20
58;7;10
59;0;80
59;1;70
59;2;60
59;3;50
59;4;40
59;5;30
59;6;20
59;7;10
60;0;10
60;1;20
60;2;30
60;3;40
60;4;50
60;5;60
60;6;70
60;7;80
61;0;80
61;1;70
61;2;60
61;3;50
61;4;40
61;5;30
61;6;20
61;7;10
62;0;80
62;1;70
62;2;60
62;3;50
62;4;40
62;5;30
62;6;20
62;7;10
63;0;10
63;1;20
63;2;30
63;3;40
63;4;50
63;5;60
63;6;70
63;7;80
64;0;10
64;1;10
64;2;10
64;3;10
64;4;10
64;5;10
64;6;10
64;7;10
65;0;10
65;1;10
65;2;10
65;3;10
65;4;10
65;5;10
65;6;10
65;7;10
66;0;10
66;1;10
66;2;10
66;3;10
66;4;10
66;5;10
66;6;10
66;7;10
67;0;80
67;1;70
67;2;60
67;3;50
67;4;40
67;5;30
67;6;20
67;7;10
68;0;80
68;1;70
68;2;60
68;3;50
68;4;40
68;5;30
68;6;20
68;7;10
69;0;80
69;1;70
69;2;60
69;3;50
69;4;40
69;5;30
69;6;20
69;7;10
70;0;10
70;1;10
70;2;10
70;3;10
70;4;10
70;5;10
70;6;10
70;7;10
71;0;80
71;1;70
71;2;60
71;3;50
71;4;40
71;5;30
71;6;20
71;7;10
72;0;10
72;1;10
72;2;10
72;3;10
72;4;10
72;5;10
72;6;10
72;7;10
73;0;80
73;1;70
73;2;60
73;3;50
73;4;40
73;5;30
73;6;20
73;7;10
74;0;80
74;1;70
74;2;60
74;3;50
74;4;40
74;5;30
74;6;20
74;7;10
75;0;10
75;1;10
75;2;10
75;3;10
75;4;10
75;5;10
75;6;10
75;7;10
76;0;80
76;1;70
76;2;60
76;3;50
76;4;40
76;5;30
76;6;20
76;7;10
77;0;80
77;1;70
77;2;60
77;3;50
77;4;40
77;5;30
77;6;20
77;7;10
78;0;10
78;1;10
78;2;10
78;3;10
78;4;10
78;5;10
78;6;10
78;7;10
79;0;80
79;1;70
79;2;60
79;3;50
79;4;40
79;5;30
79;6;20
79;7;10
80;0;10
80;1;20
80;2;30
80;3;40
80;4;50
80;5;60
80;6;70
80;7;80
81;0;10
81;1;10
81;2;10
81;3;10
81;4;10
81;5;10
81;6;10
81;7;10
82;0;10
82;1;10
82;2;10
82;3;10
82;4;10
82;5;10
82;6;10
82;7;10
83;0;80
83;1;70
83;2;60
83;3;50
83;4;40
83;5;30
83;6;20
83;7;10
84;0;10
84;1;20
84;2;30
84;3;40
84;4;50
84;5;60
84;6;70
84;7;80
85;0;10
85;1;10
85;2;10
85;3;10
85;4;10
85;5;10
85;6;10
85;7;10
86;0;10
86;1;20
86;2;30
86;3;40
86;4;50
86;5;60
86;6;70
86;7;80
87;0;10
87;1;10
87;2;10
87;3;10
87;4;10
87;5;10
87;6;10
87;7;10
88;0;10
88;1;10
88;2;10
88;3;10
88;4;10
88;5;10
88;6;10
88;7;10
89;0;80
89;1;70
89;2;60
89;3;50
89;4;40
89;5;30
89;6;20
89;7;10
90;0;10
90;1;10
90;2;10
90;3;10
90;4;10
90;5;10
90;6;10
90;7;10
91;0;10
91;1;10
91;2;10
91;3;10
91;4;10
91;5;10
91;6;10
91;7;10
92;0;80
92;1;70
92;2;60
92;3;50
92;4;40
92;5;30
92;6;20
92;7;10
93;0;80
93;1;70
93;2;60
93;3;50
93;4;40
93;5;30
93;6;20
93;7;10
94;0;10
94;1;10
94;2;10
94;3;10
94;4;10
94;5;10
94;6;10
94;7;10
95;0;10
95;1;20
95;2;30
95;3;40
95;4;50
95;5;60
95;6;70
95;7;80
96;0;10
96;1;20
96;2;30
96;3;40
96;4;50
96;5;60
96;6;70
96;7;80
97;0;80
97;1;70
97;2;60
97;3;50
97;4;40
97;5;30
97;6;20
97;7;10
98;0;10
98;1;10
98;2;10
98;3;10
98;4;10
98;5;10
98;6;10
98;7;10
99;0;80
99;1;70
99;2;60
99;3;50
99;4;40
99;5;30
99;6;20
99;7;10
100;0;10
100;1;20
100;2;30
100;3;40
100;4;50
100;5;60
100;6;70
100;7;80
101;0;80
101;1;70
101;2;60
101;3;50
101;4;40
101;5;30
101;6;20
101;7;10
102;0;10
102;1;20
102;2;30
102;3;40
102;4;50
102;5;60
102;6;70
102;7;80
103;0;80
103;1;70
103;2;60
103;3;50
103;4;40
103;5;30
103;6;20
103;7;10
104;0;10
104;1;20
104;2;30
104;3;40
104;4;50
104;5;60
104;6;70
104;7;80
105;0;10
105;1;10
105;2;10
105;3;10
105;4;10
105;5;10
105;6;10
105;7;10
106;0;10
106;1;10
106;2;10
106;3;10
106;4;10
106;5;10
106;6;10
106;7;10
107;0;80
107;1;70
107;2;60
107;3;50
107;4;40
107;5;30
107;6;20
107;7;10
108;0;10
108;1;10
108;2;10
108;3;10
108;4;10
108;5;10
108;6;10
108;7;10
109;0;80
109;1;70
109;2;60
109;3;50
109;4;40
109;5;30
109;6;20
109;7;10
110;0;10
110;1;10
110;2;10
110;3;10
110;4;10
110;5;10
110;6;10
110;7;10
111;0;10
111;1;20
111;2;30
111;3;40
111;4;50
111;5;60
111;6;70
111;7;80
112;0;10
112;1;20
112;2;30
112;3;40
112;4;50
112;5;60
112;6;70
112;7;80
113;0;10
113;1;10
113;2;10
113;3;10
113;4;10
113;5;10
113;6;10
113;7;10
114;0;10
114;1;20
114;2;30
114;3;40
114;4;50
114;5;60
114;6;70
114;7;80
115;0;80
115;1;70
115;2;60
115;3;50
115;4;40
115;5;30
115;6;20
115;7;10
116;0;10
116;1;20
116;2;30
116;3;40
116;4;50
116;5;60
116;6;70
116;7;80
117;0;10
117;1;20
117;2;30
117;3;40
117;4;50
117;5;60
117;6;70
117;7;80
118;0;10
118;1;20
118;2;30
118;3;40
118;4;50
118;5;60
118;6;70
118;7;80
119;0;80
119;1;70
119;2;60
119;3;50
119;4;40
119;5;30
119;6;20
119;7;10
120;0;10
120;1;10
120;2;10
120;3;10
120;4;10
120;5;10
120;6;10
120;7;10
121;0;10
121;1;20
121;2;30
121;3;40
121;4;50
121;5;60
121;6;70
121;7;80
122;0;10
122;1;10
122;2;10
122;3;10
122;4;10
122;5;10
122;6;10
122;7;10
123;0;80
123;1;70
123;2;60
123;3;50
123;4;40
123;5;30
123;6;20
123;7;10
124;0;10
124;1;20
124;2;30
124;3;40
124;4;50
124;5;60
124;6;70
124;7;80
125;0;10
125;1;10
125;2;10
125;3;10
125;4;10
125;5;10
125;6;10
125;7;10
126;0;80
126;1;70
126;2;60
126;3;50
126;4;40
126;5;30
126;6;20
126;7;10
127;0;80
127;1;70
127;2;60
127;3;50
127;4;40
127;5;30
127;6;20
127;7;10
128;0;10
128;1;20
128;2;30
128;3;40
128;4;50
128;5;60
128;6;70
128;7;80
129;0;80
129;1;70
129;2;60
129;3;50
129;4;40
129;5;30
129;6;20
129;7;10
130;0;80
130;1;70
130;2;60
130;3;50
130;4;40
130;5;30
130;6;20
130;7;10
131;0;10
131;1;20
131;2;30
131;3;40
131;4;50
131;5;60
131;6;70
131;7;80
132;0;80
132;1;70
132;2;60
132;3;50
132;4;40
132;5;30
132;6;20
132;7;10
133;0;80
133;1;70
133;2;60
133;3;50
133;4;40
133;5;30
133;6;20
133;7;10
134;0;10
134;1;10
134;2;10
134;3;10
134;4;10
134;5;10
134;6;10
134;7;10
135;0;10
135;1;20
135;2;30
135;3;40
135;4;50
135;5;60
135;6;70
135;7;80
136;0;10
136;1;10
136;2;10
136;3;10
136;4;10
136;5;10
136;6;10
136;7;10
137;0;80
137;1;70
137;2;60
137;3;50
137;4;40
137;5;30
137;6;20
137;7;10
138;0;80
138;1;70
138;2;60
138;3;50
138;4;40
138;5;30
138;6;20
138;7;10
139;0;80
139;1;70
139;2;60
139;3;50
139;4;40
139;5;30
139;6;20
139;7;10
140;0;80
140;1;70
140;2;60
140;3;50
140;4;40
140;5;30
140;6;20
140;7;10
141;0;10
141;1;10
141;2;10
141;3;10
141;4;10
141;5;10
141;6;10
141;7;10
142;0;10
142;1;10
142;2;10
142;3;10
142;4;10
142;5;10
142;6;10
142;7;10
143;0;10
143;1;20
143;2;30
143;3;40
143;4;50
143;5;60
143;6;70
143;7;80
144;0;10
144;1;20
144;2;30
144;3;40
144;4;50
144;5;60
144;6;70
144;7;80
145;0;10
145;1;20
145;2;30
145;3;40
145;4;50
145;5;60
145;6;70
145;7;80
146;0;80
146;1;70
146;2;60
146;3;50
146;4;40
146;5;30
146;6;20
146;7;10
147;0;10
147;1;20
147;2;30
147;3;40
147;4;50
147;5;60
147;6;70
147;7;80
148;0;10
148;1;10
148;2;10
148;3;10
148;4;10
148;5;10
148;6;10
148;7;10
149;0;10
149;1;20
149;2;30
149;3;40
149;4;50
149;5;60
149;6;70
149;7;80
150;0;10
150;1;20
150;2;30
150;3;40
150;4;50
150;5;60
150;6;70
150;7;80
151;0;10
151;1;10
151;2;10
151;3;10
151;4;10
151;5;10
151;6;10
151;7;10
152;0;10
152;1;10
152;2;10
152;3;10
152;4;10
152;5;10
152;6;10
152;7;10
153;0;80
153;1;70
153;2;60
153;3;50
153;4;40
153;5;30
153;6;20
153;7;10
154;0;10
154;1;10
154;2;10
154;3;10
154;4;10
154;5;10
154;6;10
154;7;10
155;0;10
155;1;10
155;2;10
155;3;10
155;4;10
155;5;10
155;6;10
155;7;10
156;0;10
156;1;20
156;2;30
156;3;40
156;4;50
156;5;60
156;6;70
156;7;80
157;0;10
157;1;20
157;2;30
157;3;40
157;4;50
157;5;60
157;6;70
157;7;80
158;0;10
158;1;10
158;2;10
158;3;10
158;4;10
158;5;10
158;6;10
158;7;10
159;0;10
159;1;20
159;2;30
159;3;40
159;4;50
159;5;60
159;6;70
159;7;80
160;0;10
160;1;10
160;2;10
160;3;10
160;4;10
160;5;10
160;6;10
160;7;10
161;0;80
161;1;70
161;2;60
161;3;50
161;4;40
161;5;30
161;6;20
161;7;10
162;0;10
162;1;20
162;2;30
162;3;40
162;4;50
162;5;60
162;6;70
162;7;80
163;0;10
163;1;10
163;2;10
163;3;10
163;4;10
163;5;10
163;6;10
163;7;10
164;0;10
164;1;20
164;2;30
164;3;40
164;4;50
164;5;60
164;6;70
164;7;80
165;0;80
165;1;70
165;2;60
165;3;50
165;4;40
165;5;30
165;6;20
165;7;10
166;0;80
166;1;70
166;2;60
166;3;50
166;4;40
166;5;30
166;6;20
166;7;10
167;0;80
167;1;70
167;2;60
167;3;50
167;4;40
167;5;30
167;6;20
167;7;10
168;0;10
168;1;10
168;2;10
168;3;10
168;4;10
168;5;10
168;6;10
168;7;10
169;0;80
169;1;70
169;2;60
169;3;50
169;4;40
169;5;30
169;6;20
169;7;10
170;0;80
170;1;70
170;2;60
170;3;50
170;4;40
170;5;30
170;6;20
170;7;10
171;0;80
171;1;70
171;2;60
171;3;50
171;4;40
171;5;30
171;6;20
171;7;10
172;0;80
172;1;70
172;2;60
172;3;50
172;4;40
172;5;30
172;6;20
172;7;10
173;0;80
173;1;70
173;2;60
173;3;50
173;4;40
173;5;30
173;6;20
173;7;10
174;0;80
174;1;70
174;2;60
174;3;50
174;4;40
174;5;30
174;6;20
174;7;10
175;0;10
175;1;20
175;2;30
175;3;40
175;4;50
175;5;60
175;6;70
175;7;80
176;0;10
176;1;20
176;2;30
176;3;40
176;4;50
176;5;60
176;6;70
176;7;80
177;0;10
177;1;10
177;2;10
177;3;10
177;4;10
177;5;10
177;6;10
177;7;10
178;0;80
178;1;70
178;2;60
178;3;50
178;4;40
178;5;30
178;6;20
178;7;10
179;0;10
179;1;20
179;2;30
179;3;40
179;4;50
179;5;60
179;6;70
179;7;80
180;0;10
180;1;20
180;2;30
180;3;40
180;4;50
180;5;60
180;6;70
180;7;80
181;0;80
181;1;70
181;2;60
181;3;50
181;4;40
181;5;30
181;6;20
181;7;10
182;0;80
182;1;70
182;2;60
182;3;50
182;4;40
182;5;30
182;6;20
182;7;10
183;0;10
183;1;20
183;2;30
183;3;40
183;4;50
183;5;60
183;6;70
183;7;80
184;0;10
184;1;10
184;2;10
184;3;10
184;4;10
184;5;10
184;6;10
184;7;10
185;0;10
185;1;10
185;2;10
185;3;10
185;4;10
185;5;10
185;6;10
185;7;10
186;0;10
186;1;20
186;2;30
186;3;40
186;4;50
186;5;60
186;6;70
186;7;80
187;0;10
187;1;20
187;2;30
187;3;40
187;4;50
187;5;60
187;6;70
187;7;80
188;0;80
188;1;70
188;2;60
188;3;50
188;4;40
188;5;30
188;6;20
188;7;10
189;0;80
189;1;70
189;2;60
189;3;50
189;4;40
189;5;30
189;6;20
189;7;10
190;0;80
190;1;70
190;2;60
190;3;50
190;4;40
190;5;30
190;6;20
190;7;10
191;0;10
191;1;10
191;2;10
191;3;10
191;4;10
191;5;10
191;6;10
191;7;10
192;0;10
192;1;10
192;2;10
192;3;10
192;4;10
192;5;10
192;6;10
192;7;10
193;0;80
193;1;70
193;2;60
193;3;50
193;4;40
193;5;30
193;6;20
193;7;10
194;0;10
194;1;20
194;2;30
194;3;40
194;4;50
194;5;60
194;6;70
194;7;80
195;0;10
195;1;10
195;2;10
195;3;10
195;4;10
195;5;10
195;6;10
195;7;10
196;0;10
196;1;10
196;2;10
196;3;10
196;4;10
196;5;10
196;6;10
196;7;10
197;0;80
197;1;70
197;2;60
197;3;50
197;4;40
197;5;30
197;6;20
197;7;10
198;0;10
198;1;20
198;2;30
198;3;40
198;4;50
198;5;60
198;6;70
198;7;80
199;0;10
199;1;20
199;2;30
199;3;40
199;4;50
199;5;60
199;6;70
199;7;80
200;0;80
200;1;70
200;2;60
200;3;50
200;4;40
200;5;30
200;6;20
200;7;10
201;0;10
201;1;20
201;2;30
201;3;40
201;4;50
201;5;60
201;6;70
201;7;80
202;0;10
202;1;20
202;2;30
202;3;40
202;4;50
202;5;60
202;6;70
202;7;80
203;0;80
203;1;70
203;2;60
203;3;50
203;4;40
203;5;30
203;6;20
203;7;10
204;0;10
204;1;10
204;2;10
204;3;10
204;4;10
204;5;10
204;6;10
204;7;10
205;0;10
205;1;20
205;2;30
205;3;40
205;4;50
205;5;60
205;6;70
205;7;80
206;0;10
206;1;20
206;2;30
206;3;40
206;4;50
206;5;60
206;6;70
206;7;80
207;0;10
207;1;10
207;2;10
207;3;10
207;4;10
207;5;10
207;6;10
207;7;10
208;0;10
208;1;20
208;2;30
208;3;40
208;4;50
208;5;60
208;6;70
208;7;80
209;0;10
209;1;20
209;2;30
209;3;40
209;4;50
209;5;60
209;6;70
209;7;80
210;0;80
210;1;70
210;2;60
210;3;50
210;4;40
210;5;30
210;6;20
210;7;10
211;0;10
211;1;20
211;2;30
211;3;40
211;4;50
211;5;60
211;6;70
211;7;80
212;0;80
212;1;70
212;2;60
212;3;50
212;4;40
212;5;30
212;6;20
212;7;10
213;0;80
213;1;70
213;2;60
213;3;50
213;4;40
213;5;30
213;6;20
213;7;10
214;0;10
214;1;10
214;2;10
214;3;10
214;4;10
214;5;10
214;6;10
214;7;10
215;0;10
215;1;20
215;2;30
215;3;40
215;4;50
215;5;60
215;6;70
215;7;80
216;0;80
216;1;70
216;2;60
216;3;50
216;4;40
216;5;30
216;6;20
216;7;10
217;0;10
217;1;10
217;2;10
217;3;10
217;4;10
217;5;10
217;6;10
217;7;10
218;0;10
218;1;20
218;2;30
218;3;40
218;4;50
218;5;60
218;6;70
218;7;80
219;0;80
219;1;70
219;2;60
219;3;50
219;4;40
219;5;30
219;6;20
219;7;10
220;0;10
220;1;10
220;2;10
220;3;10
220;4;10
220;5;10
220;6;10
220;7;10
221;0;10
221;1;10
221;2;10
221;3;10
221;4;10
221;5;10
221;6;10
221;7;10
222;0;10
222;1;10
222;2;10
222;3;10
222;4;10
222;5;10
222;6;10
222;7;10
223;0;10
223;1;20
223;2;30
223;3;40
223;4;50
223;5;60
223;6;70
223;7;80
224;0;10
224;1;10
224;2;10
224;3;10
224;4;10
224;5;10
224;6;10
224;7;10
225;0;10
225;1;10
225;2;10
225;3;10
225;4;10
225;5;10
225;6;10
225;7;10
226;0;10
226;1;20
226;2;30
226;3;40
226;4;50
226;5;60
226;6;70
226;7;80
227;0;10
227;1;10
227;2;10
227;3;10
227;4;10
227;5;10
227;6;10
227;7;10
228;0;10
228;1;10
228;2;10
228;3;10
228;4;10
228;5;10
228;6;10
228;7;10
229;0;10
229;1;20
229;2;30
229;3;40
229;4;50
229;5;60
229;6;70
229;7;80
230;0;80
230;1;70
230;2;60
230;3;50
230;4;40
230;5;30
230;6;20
230;7;10
231;0;10
231;1;10
231;2;10
231;3;10
231;4;10
231;5;10
231;6;10
231;7;10
232;0;80
232;1;70
232;2;60
232;3;50
232;4;40
232;5;30
232;6;20
232;7;10
233;0;80
233;1;70
233;2;60
233;3;50
233;4;40
233;5;30
233;6;20
233;7;10
234;0;10
234;1;20
234;2;30
234;3;40
234;4;50
234;5;60
234;6;70
234;7;80
235;0;10
235;1;10
235;2;10
235;3;10
235;4;10
235;5;10
235;6;10
235;7;10
236;0;10
236;1;20
236;2;30
236;3;40
236;4;50
236;5;60
236;6;70
236;7;80
237;0;10
237;1;10
237;2;10
237;3;10
237;4;10
237;5;10
237;6;10
237;7;10
238;0;10
238;1;20
238;2;30
238;3;40
238;4;50
238;5;60
238;6;70
238;7;80
239;0;80
239;1;70
239;2;60
239;3;50
239;4;40
239;5;30
239;6;20
239;7;10
240;0;10
240;1;20
240;2;30
240;3;40
240;4;50
240;5;60
240;6;70
240;7;80
241;0;80
241;1;70
241;2;60
241;3;50
241;4;40
241;5;30
241;6;20
241;7;10
242;0;10
242;1;10
242;2;10
242;3;10
242;4;10
242;5;10
242;6;10
242;7;10
243;0;10
243;1;10
243;2;10
243;3;10
243;4;10
243;5;10
243;6;10
243;7;10
244;0;80
244;1;70
244;2;60
244;3;50
244;4;40
244;5;30
244;6;20
244;7;10
245;0;80
245;1;70
245;2;60
245;3;50
245;4;40
245;5;30
245;6;20
245;7;10
246;0;80
246;1;70
246;2;60
246;3;50
246;4;40
246;5;30
246;6;20
246;7;10
247;0;10
247;1;20
247;2;30
247;3;40
247;4;50
247;5;60
247;6;70
247;7;80
248;0;10
248;1;10
248;2;10
248;3;10
248;4;10
248;5;10
248;6;10
248;7;10
249;0;80
249;1;70
249;2;60
249;3;50
249;4;40
249;5;30
249;6;20
249;7;10
250;0;10
250;1;10
250;2;10
250;3;10
250;4;10
250;5;10
250;6;10
250;7;10
251;0;80
251;1;70
251;2;60
251;3;50
251;4;40
251;5;30
251;6;20
251;7;10
252;0;80
252;1;70
252;2;60
252;3;50
252;4;40
252;5;30
252;6;20
252;7;10
253;0;80
253;1;70
253;2;60
253;3;50
253;4;40
253;5;30
253;6;20
253;7;10
254;0;80
254;1;70
254;2;60
254;3;50
254;4;40
254;5;30
254;6;20
254;7;10
255;0;10
255;1;20
255;2;30
255;3;40
255;4;50
255;5;60
255;6;70
255;7;80
256;0;80
256;1;70
256;2;60
256;3;50
256;4;40
256;5;30
256;6;20
256;7;10
257;0;10
257;1;20
257;2;30
257;3;40
257;4;50
257;5;60
257;6;70
257;7;80
258;0;10
258;1;10
258;2;10
258;3;10
258;4;10
258;5;10
258;6;10
258;7;10
259;0;80
259;1;70
259;2;60
259;3;50
259;4;40
259;5;30
259;6;20
259;7;10
260;0;10
260;1;10
260;2;10
260;3;10
260;4;10
260;5;10
260;6;10
260;7;10
261;0;10
261;1;20
261;2;30
261;3;40
261;4;50
261;5;60
261;6;70
261;7;80
262;0;80
262;1;70
262;2;60
262;3;50
262;4;40
262;5;30
262;6;20
262;7;10
263;0;10
263;1;10
263;2;10
263;3;10
263;4;10
263;5;10
263;6;10
263;7;10
264;0;80
264;1;70
264;2;60
264;3;50
264;4;40
264;5;30
264;6;20
264;7;10
265;0;10
265;1;10
265;2;10
265;3;10
265;4;10
265;5;10
265;6;10
265;7;10
266;0;10
266;1;20
266;2;30
266;3;40
266;4;50
266;5;60
266;6;70
266;7;80
267;0;80
267;1;70
267;2;60
267;3;50
267;4;40
267;5;30
267;6;20
267;7;10
268;0;10
268;1;20
268;2;30
268;3;40
268;4;50
268;5;60
268;6;70
268;7;80
269;0;10
269;1;10
269;2;10
269;3;10
269;4;10
269;5;10
269;6;10
269;7;10
270;0;10
270;1;20
270;2;30
270;3;40
270;4;50
270;5;60
270;6;70
270;7;80
271;0;80
271;1;70
271;2;60
271;3;50
271;4;40
271;5;30
271;6;20
271;7;10
272;0;10
272;1;10
272;2;10
272;3;10
272;4;10
272;5;10
272;6;10
272;7;10
273;0;10
273;1;20
273;2;30
273;3;40
273;4;50
273;5;60
273;6;70
273;7;80
274;0;10
274;1;20
274;2;30
274;3;40
274;4;50
274;5;60
274;6;70
274;7;80
275;0;10
275;1;20
275;2;30
275;3;40
275;4;50
275;5;60
275;6;70
275;7;80
276;0;80
276;1;70
276;2;60
276;3;50
276;4;40
276;5;30
276;6;20
276;7;10
277;0;80
277;1;70
277;2;60
277;3;50
277;4;40
277;5;30
277;6;20
277;7;10
278;0;10
278;1;20
278;2;30
278;3;40
278;4;50
278;5;60
278;6;70
278;7;80
279;0;10
279;1;20
279;2;30
279;3;40
279;4;50
279;5;60
279;6;70
279;7;80
280;0;10
280;1;10
280;2;10
280;3;10
280;4;10
280;5;10
280;6;10
280;7;10
281;0;10
281;1;10
281;2;10
281;3;10
281;4;10
281;5;10
281;6;10
281;7;10
282;0;10
282;1;10
282;2;10
282;3;10
282;4;10
282;5;10
282;6;10
282;7;10
283;0;80
283;1;70
283;2;60
283;3;50
283;4;40
283;5;30
283;6;20
283;7;10
284;0;10
284;1;20
284;2;30
284;3;40
284;4;50
284;5;60
284;6;70
284;7;80
285;0;10
285;1;10
285;2;10
285;3;10
285;4;10
285;5;10
285;6;10
285;7;10
286;0;80
286;1;70
286;2;60
286;3;50
286;4;40
286;5;30
286;6;20
286;7;10
287;0;80
287;1;70
287;2;60
287;3;50
287;4;40
287;5;30
287;6;20
287;7;10
288;0;10
288;1;20
288;2;30
288;3;40
288;4;50
288;5;60
288;6;70
288;7;80
289;0;10
289;1;20
289;2;30
289;3;40
289;4;50
289;5;60
289;6;70
289;7;80
290;0;10
290;1;20
290;2;30
290;3;40
290;4;50
290;5;60
290;6;70
290;7;80
291;0;10
291;1;20
291;2;30
291;3;40
291;4;50
291;5;60
291;6;70
291;7;80
292;0;80
292;1;70
292;2;60
292;3;50
292;4;40
292;5;30
292;6;20
292;7;10
293;0;80
293;1;70
293;2;60
293;3;50
293;4;40
293;5;30
293;6;20
293;7;10
294;0;10
294;1;20
294;2;30
294;3;40
294;4;50
294;5;60
294;6;70
294;7;80
295;0;10
295;1;20
295;2;30
295;3;40
295;4;50
295;5;60
295;6;70
295;7;80
296;0;10
296;1;20
296;2;30
296;3;40
296;4;50
296;5;60
296;6;70
296;7;80
297;0;80
297;1;70
297;2;60
297;3;50
297;4;40
297;5;30
297;6;20
297;7;10
298;0;80
298;1;70
298;2;60
298;3;50
298;4;40
298;5;30
298;6;20
298;7;10
299;0;10
299;1;10
299;2;10
299;3;10
299;4;10
299;5;10
299;6;10
299;7;10
300;0;10
300;1;20
300;2;30
300;3;40
300;4;50
300;5;60
300;6;70
300;7;80
301;0;10
301;1;20
301;2;30
301;3;40
301;4;50
301;5;60
301;6;70
301;7;80
302;0;10
302;1;10
302;2;10
302;3;10
302;4;10
302;5;10
302;6;10
302;7;10
303;0;80
303;1;70
303;2;60
303;3;50
303;4;40
303;5;30
303;6;20
303;7;10
304;0;10
304;1;20
304;2;30
304;3;40
304;4;50
304;5;60
304;6;70
304;7;80
305;0;10
305;1;20
305;2;30
305;3;40
305;4;50
305;5;60
305;6;70
305;7;80
306;0;10
306;1;20
306;2;30
306;3;40
306;4;50
306;5;60
306;6;70
306;7;80
307;0;10
307;1;10
307;2;10
307;3;10
307;4;10
307;5;10
307;6;10
307;7;10
308;0;10
308;1;10
308;2;10
308;3;10
308;4;10
308;5;10
308;6;10
308;7;10
309;0;80
309;1;70
309;2;60
309;3;50
309;4;40
309;5;30
309;6;20
309;7;10
310;0;10
310;1;10
310;2;10
310;3;10
310;4;10
310;5;10
310;6;10
310;7;10
311;0;10
311;1;20
311;2;30
311;3;40
311;4;50
311;5;60
311;6;70
311;7;80
312;0;80
312;1;70
312;2;60
312;3;50
312;4;40
312;5;30
312;6;20
312;7;10
313;0;10
313;1;20
313;2;30
313;3;40
313;4;50
313;5;60
313;6;70
313;7;80
314;0;80
314;1;70
314;2;60
314;3;50
314;4;40
314;5;30
314;6;20
314;7;10
315;0;10
315;1;10
315;2;10
315;3;10
315;4;10
315;5;10
315;6;10
315;7;10
316;0;10
316;1;20
316;2;30
316;3;40
316;4;50
316;5;60
316;6;70
316;7;80
317;0;10
317;1;20
317;2;30
317;3;40
317;4;50
317;5;60
317;6;70
317;7;80
318;0;80
318;1;70
318;2;60
318;3;50
318;4;40
318;5;30
318;6;20
318;7;10
319;0;10
319;1;10
319;2;10
319;3;10
319;4;10
319;5;10
319;6;10
319;7;10
320;0;80
320;1;70
320;2;60
320;3;50
320;4;40
320;5;30
320;6;20
320;7;10
321;0;10
321;1;20
321;2;30
321;3;40
321;4;50
321;5;60
321;6;70
321;7;80
322;0;10
322;1;20
322;2;30
322;3;40
322;4;50
322;5;60
322;6;70
322;7;80
323;0;80
323;1;70
323;2;60
323;3;50
323;4;40
323;5;30
323;6;20
323;7;10
324;0;10
324;1;10
324;2;10
324;3;10
324;4;10
324;5;10
324;6;10
324;7;10
325;0;80
325;1;70
325;2;60
325;3;50
325;4;40
325;5;30
325;6;20
325;7;10
326;0;80
326;1;70
326;2;60
326;3;50
326;4;40
326;5;30
326;6;20
326;7;10
327;0;80
327;1;70
327;2;60
327;3;50
327;4;40
327;5;30
327;6;20
327;7;10
328;0;80
328;1;70
328;2;60
328;3;50
328;4;40
328;5;30
328;6;20
328;7;10
329;0;10
329;1;20
329;2;30
329;3;40
329;4;50
329;5;60
329;6;70
329;7;80
330;0;10
330;1;20
330;2;30
330;3;40
330;4;50
330;5;60
330;6;70
330;7;80
331;0;10
331;1;20
331;2;30
331;3;40
331;4;50
331;5;60
331;6;70
331;7;80
332;0;80
332;1;70
332;2;60
332;3;50
332;4;40
332;5;30
332;6;20
332;7;10
333;0;80
333;1;70
333;2;60
333;3;50
333;4;40
333;5;30
333;6;20
333;7;10
334;0;10
334;1;20
334;2;30
334;3;40
334;4;50
334;5;60
334;6;70
334;7;80
335;0;80
335;1;70
335;2;60
335;3;50
335;4;40
335;5;30
335;6;20
335;7;10
336;0;10
336;1;10
336;2;10
336;3;10
336;4;10
336;5;10
336;6;10
336;7;10
337;0;10
337;1;20
337;2;30
337;3;40
337;4;50
337;5;60
337;6;70
337;7;80
338;0;80
338;1;70
338;2;60
338;3;50
338;4;40
338;5;30
338;6;20
338;7;10
339;0;10
339;1;10
339;2;10
339;3;10
339;4;10
339;5;10
339;6;10
339;7;10
340;0;10
340;1;20
340;2;30
340;3;40
340;4;50
340;5;60
340;6;70
340;7;80
341;0;80
341;1;70
341;2;60
341;3;50
341;4;40
341;5;30
341;6;20
341;7;10
342;0;10
342;1;10
342;2;10
342;3;10
342;4;10
342;5;10
342;6;10
342;7;10
343;0;80
343;1;70
343;2;60
343;3;50
343;4;40
343;5;30
343;6;20
343;7;10
344;0;10
344;1;10
344;2;10
344;3;10
344;4;10
344;5;10
344;6;10
344;7;10
345;0;10
345;1;10
345;2;10
345;3;10
345;4;10
345;5;10
345;6;10
345;7;10
346;0;10
346;1;10
346;2;10
346;3;10
346;4;10
346;5;10
346;6;10
346;7;10
347;0;10
347;1;20
347;2;30
347;3;40
347;4;50
347;5;60
347;6;70
347;7;80
348;0;10
348;1;20
348;2;30
348;3;40
348;4;50
348;5;60
348;6;70
348;7;80
349;0;10
349;1;10
349;2;10
349;3;10
349;4;10
349;5;10
349;6;10
349;7;10
350;0;10
350;1;20
350;2;30
350;3;40
350;4;50
350;5;60
350;6;70
350;7;80
351;0;10
351;1;20
351;2;30
351;3;40
351;4;50
351;5;60
351;6;70
351;7;80
352;0;80
352;1;70
352;2;60
352;3;50
352;4;40
352;5;30
352;6;20
352;7;10
353;0;10
353;1;20
353;2;30
353;3;40
353;4;50
353;5;60
353;6;70
353;7;80
354;0;10
354;1;10
354;2;10
354;3;10
354;4;10
354;5;10
354;6;10
354;7;10
355;0;80
355;1;70
355;2;60
355;3;50
355;4;40
355;5;30
355;6;20
355;7;10
356;0;10
356;1;20
356;2;30
356;3;40
356;4;50
356;5;60
356;6;70
356;7;80
357;0;10
357;1;10
357;2;10
357;3;10
357;4;10
357;5;10
357;6;10
357;7;10
358;0;10
358;1;10
358;2;10
358;3;10
358;4;10
358;5;10
358;6;10
358;7;10
359;0;10
359;1;10
359;2;10
359;3;10
359;4;10
359;5;10
359;6;10
359;7;10
360;0;10
360;1;20
360;2;30
360;3;40
360;4;50
360;5;60
360;6;70
360;7;80
361;0;10
361;1;20
361;2;30
361;3;40
361;4;50
361;5;60
361;6;70
361;7;80
362;0;10
362;1;10
362;2;10
362;3;10
362;4;10
362;5;10
362;6;10
362;7;10
363;0;10
363;1;10
363;2;10
363;3;10
363;4;10
363;5;10
363;6;10
363;7;10
364;0;80
364;1;70
364;2;60
364;3;50
364;4;40
364;5;30
364;6;20
364;7;10
365;0;80
365;1;70
365;2;60
365;3;50
365;4;40
365;5;30
365;6;20
365;7;10
366;0;10
366;1;10
366;2;10
366;3;10
366;4;10
366;5;10
366;6;10
366;7;10
367;0;10
367;1;10
367;2;10
367;3;10
367;4;10
367;5;10
367;6;10
367;7;10
368;0;80
368;1;70
368;2;60
368;3;50
368;4;40
368;5;30
368;6;20
368;7;10
369;0;80
369;1;70
369;2;60
369;3;50
369;4;40
369;5;30
369;6;20
369;7;10
370;0;10
370;1;10
370;2;10
370;3;10
370;4;10
370;5;10
370;6;10
370;7;10
371;0;10
371;1;10
371;2;10
371;3;10
371;4;10
371;5;10
371;6;10
371;7;10
372;0;10
372;1;20
372;2;30
372;3;40
372;4;50
372;5;60
372;6;70
372;7;80
373;0;10
373;1;20
373;2;30
373;3;40
373;4;50
373;5;60
373;6;70
373;7;80
374;0;10
374;1;20
374;2;30
374;3;40
374;4;50
374;5;60
374;6;70
374;7;80
375;0;10
375;1;20
375;2;30
375;3;40
375;4;50
375;5;60
375;6;70
375;7;80
376;0;80
376;1;70
376;2;60
376;3;50
376;4;40
376;5;30
376;6;20
376;7;10
377;0;80
377;1;70
377;2;60
377;3;50
377;4;40
377;5;30
377;6;20
377;7;10
378;0;10
378;1;20
378;2;30
378;3;40
378;4;50
378;5;60
378;6;70
378;7;80
379;0;80
379;1;70
379;2;60
379;3;50
379;4;40
379;5;30
379;6;20
379;7;10
380;0;80
380;1;70
380;2;60
380;3;50
380;4;40
380;5;30
380;6;20
380;7;10
381;0;10
381;1;20
381;2;30
381;3;40
381;4;50
381;5;60
381;6;70
381;7;80
382;0;80
382;1;70
382;2;60
382;3;50
382;4;40
382;5;30
382;6;20
382;7;10
383;0;10
383;1;10
383;2;10
383;3;10
383;4;10
383;5;10
383;6;10
383;7;10
384;0;80
384;1;70
384;2;60
384;3;50
384;4;40
384;5;30
384;6;20
384;7;10
385;0;10
385;1;10
385;2;10
385;3;10
385;4;10
385;5;10
385;6;10
385;7;10
386;0;80
386;1;70
386;2;60
386;3;50
386;4;40
386;5;30
386;6;20
386;7;10
387;0;80
387;1;70
387;2;60
387;3;50
387;4;40
387;5;30
387;6;20
387;7;10
388;0;10
388;1;10
388;2;10
388;3;10
388;4;10
388;5;10
388;6;10
388;7;10
389;0;80
389;1;70
389;2;60
389;3;50
389;4;40
389;5;30
389;6;20
389;7;10
390;0;10
390;1;20
390;2;30
390;3;40
390;4;50
390;5;60
390;6;70
390;7;80
391;0;10
391;1;10
391;2;10
391;3;10
391;4;10
391;5;10
391;6;10
391;7;10
392;0;10
392;1;20
392;2;30
392;3;40
392;4;50
392;5;60
392;6;70
392;7;80
393;0;10
393;1;20
393;2;30
393;3;40
393;4;50
393;5;60
393;6;70
393;7;80
394;0;80
394;1;70
394;2;60
394;3;50
394;4;40
394;5;30
394;6;20
394;7;10
395;0;80
395;1;70
395;2;60
395;3;50
395;4;40
395;5;30
395;6;20
395;7;10
396;0;10
396;1;20
396;2;30
396;3;40
396;4;50
396;5;60
396;6;70
396;7;80
397;0;10
397;1;10
397;2;10
397;3;10
397;4;10
397;5;10
397;6;10
397;7;10
398;0;10
398;1;10
398;2;10
398;3;10
398;4;10
398;5;10
398;6;10
398;7;10
399;0;80
399;1;70
399;2;60
399;3;50
399;4;40
399;5;30
399;6;20
399;7;10
400;0;10
400;1;20
400;2;30
400;3;40
400;4;50
400;5;60
400;6;70
400;7;80
401;0;10
401;1;20
401;2;30
401;3;40
401;4;50
401;5;60
401;6;70
401;7;80
402;0;10
402;1;10
402;2;10
402;3;10
402;4;10
402;5;10
402;6;10
402;7;10
403;0;10
403;1;20
403;2;30
403;3;40
403;4;50
403;5;60
403;6;70
403;7;80
404;0;80
404;1;70
404;2;60
404;3;50
404;4;40
404;5;30
404;6;20
404;7;10
405;0;80
405;1;70
405;2;60
405;3;50
405;4;40
405;5;30
405;6;20
405;7;10
406;0;10
406;1;10
406;2;10
406;3;10
406;4;10
406;5;10
406;6;10
406;7;10
407;0;80
407;1;70
407;2;60
407;3;50
407;4;40
407;5;30
407;6;20
407;7;10
408;0;80
408;1;70
408;2;60
408;3;50
408;4;40
408;5;30
408;6;20
408;7;10
409;0;10
409;1;20
409;2;30
409;3;40
409;4;50
409;5;60
409;6;70
409;7;80
410;0;10
410;1;10
410;2;10
410;3;10
410;4;10
410;5;10
410;6;10
410;7;10
411;0;10
411;1;20
411;2;30
411;3;40
411;4;50
411;5;60
411;6;70
411;7;80
412;0;80
412;1;70
412;2;60
412;3;50
412;4;40
412;5;30
412;6;20
412;7;10
413;0;10
413;1;10
413;2;10
413;3;10
413;4;10
413;5;10
413;6;10
413;7;10
414;0;10
414;1;10
414;2;10
414;3;10
414;4;10
414;5;10
414;6;10
414;7;10
415;0;80
415;1;70
415;2;60
415;3;50
415;4;40
415;5;30
415;6;20
415;7;10
416;0;10
416;1;20
416;2;30
416;3;40
416;4;50
416;5;60
416;6;70
416;7;80
417;0;10
417;1;10
417;2;10
417;3;10
417;4;10
417;5;10
417;6;10
417;7;10
418;0;80
418;1;70
418;2;60
418;3;50
418;4;40
418;5;30
418;6;20
418;7;10
419;0;10
419;1;10
419;2;10
419;3;10
419;4;10
419;5;10
419;6;10
419;7;10
420;0;80
420;1;70
420;2;60
420;3;50
420;4;40
420;5;30
420;6;20
420;7;10
421;0;10
421;1;10
421;2;10
421;3;10
421;4;10
421;5;10
421;6;10
421;7;10
422;0;10
422;1;10
422;2;10
422;3;10
422;4;10
422;5;10
422;6;10
422;7;10
423;0;80
423;1;70
423;2;60
423;3;50
423;4;40
423;5;30
423;6;20
423;7;10
424;0;80
424;1;70
424;2;60
424;3;50
424;4;40
424;5;30
424;6;20
424;7;10
425;0;80
425;1;70
425;2;60
425;3;50
425;4;40
425;5;30
425;6;20
425;7;10
426;0;10
426;1;20
426;2;30
426;3;40
426;4;50
426;5;60
426;6;70
426;7;80
427;0;10
427;1;20
427;2;30
427;3;40
427;4;50
427;5;60
427;6;70
427;7;80
428;0;10
428;1;20
428;2;30
428;3;40
428;4;50
428;5;60
428;6;70
428;7;80
429;0;80
429;1;70
429;2;60
429;3;50
429;4;40
429;5;30
429;6;20
429;7;10
430;0;10
430;1;20
430;2;30
430;3;40
430;4;50
430;5;60
430;6;70
430;7;80
431;0;10
431;1;10
431;2;10
431;3;10
431;4;10
431;5;10
431;6;10
431;7;10
432;0;80
432;1;70
432;2;60
432;3;50
432;4;40
432;5;30
432;6;20
432;7;10
433;0;10
433;1;20
433;2;30
433;3;40
433;4;50
433;5;60
433;6;70
433;7;80
434;0;10
434;1;10
434;2;10
434;3;10
434;4;10
434;5;10
434;6;10
434;7;10
435;0;10
435;1;10
435;2;10
435;3;10
435;4;10
435;5;10
435;6;10
435;7;10
436;0;10
436;1;20
436;2;30
436;3;40
436;4;50
436;5;60
436;6;70
436;7;80
437;0;10
437;1;20
437;2;30
437;3;40
437;4;50
437;5;60
437;6;70
437;7;80
438;0;10
438;1;20
438;2;30
438;3;40
438;4;50
438;5;60
438;6;70
438;7;80
439;0;10
439;1;20
439;2;30
439;3;40
439;4;50
439;5;60
439;6;70
439;7;80
440;0;10
440;1;10
440;2;10
440;3;10
440;4;10
440;5;10
440;6;10
440;7;10
441;0;80
441;1;70
441;2;60
441;3;50
441;4;40
441;5;30
441;6;20
441;7;10
442;0;10
442;1;10
442;2;10
442;3;10
442;4;10
442;5;10
442;6;10
442;7;10
443;0;10
443;1;10
443;2;10
443;3;10
443;4;10
443;5;10
443;6;10
443;7;10
444;0;80
444;1;70
444;2;60
444;3;50
444;4;40
444;5;30
444;6;20
444;7;10
445;0;10
445;1;10
445;2;10
445;3;10
445;4;10
445;5;10
445;6;10
445;7;10
446;0;10
446;1;20
446;2;30
446;3;40
446;4;50
446;5;60
446;6;70
446;7;80
447;0;80
447;1;70
447;2;60
447;3;50
447;4;40
447;5;30
447;6;20
447;7;10
448;0;80
448;1;70
448;2;60
448;3;50
448;4;40
448;5;30
448;6;20
448;7;10
449;0;80
449;1;70
449;2;60
449;3;50
449;4;40
449;5;30
449;6;20
449;7;10
450;0;10
450;1;20
450;2;30
450;3;40
450;4;50
450;5;60
450;6;70
450;7;80
451;0;10
451;1;10
451;2;10
451;3;10
451;4;10
451;5;10
451;6;10
451;7;10
452;0;10
452;1;20
452;2;30
452;3;40
452;4;50
452;5;60
452;6;70
452;7;80
453;0;80
453;1;70
453;2;60
453;3;50
453;4;40
453;5;30
453;6;20
453;7;10
454;0;10
454;1;10
454;2;10
454;3;10
454;4;10
454;5;10
454;6;10
454;7;10
455;0;10
455;1;10
455;2;10
455;3;10
455;4;10
455;5;10
455;6;10
455;7;10
456;0;10
456;1;10
456;2;10
456;3;10
456;4;10
456;5;10
456;6;10
456;7;10
457;0;10
457;1;10
457;2;10
457;3;10
457;4;10
457;5;10
457;6;10
457;7;10
458;0;80
458;1;70
458;2;60
458;3;50
458;4;40
458;5;30
458;6;20
458;7;10
459;0;10
459;1;10
459;2;10
459;3;10
459;4;10
459;5;10
459;6;10
459;7;10
460;0;10
460;1;20
460;2;30
460;3;40
460;4;50
460;5;60
460;6;70
460;7;80
461;0;80
461;1;70
461;2;60
461;3;50
461;4;40
461;5;30
461;6;20
461;7;10
462;0;80
462;1;70
462;2;60
462;3;50
462;4;40
462;5;30
462;6;20
462;7;10
463;0;10
463;1;10
463;2;10
463;3;10
463;4;10
463;5;10
463;6;10
463;7;10
464;0;10
464;1;10
464;2;10
464;3;10
464;4;10
464;5;10
464;6;10
464;7;10
465;0;80
465;1;70
465;2;60
465;3;50
465;4;40
465;5;30
465;6;20
465;7;10
466;0;80
466;1;70
466;2;60
466;3;50
466;4;40
466;5;30
466;6;20
466;7;10
467;0;10
467;1;10
467;2;10
467;3;10
467;4;10
467;5;10
467;6;10
467;7;10
468;0;10
468;1;20
468;2;30
468;3;40
468;4;50
468;5;60
468;6;70
468;7;80
469;0;10
469;1;10
469;2;10
469;3;10
469;4;10
469;5;10
469;6;10
469;7;10
470;0;10
470;1;20
470;2;30
470;3;40
470;4;50
470;5;60
470;6;70
470;7;80
471;0;10
471;1;10
471;2;10
471;3;10
471;4;10
471;5;10
471;6;10
471;7;10
472;0;80
472;1;70
472;2;60
472;3;50
472;4;40
472;5;30
472;6;20
472;7;10
473;0;10
473;1;20
473;2;30
473;3;40
473;4;50
473;5;60
473;6;70
473;7;80
474;0;10
474;1;10
474;2;10
474;3;10
474;4;10
474;5;10
474;6;10
474;7;10
475;0;10
475;1;10
475;2;10
475;3;10
475;4;10
475;5;10
475;6;10
475;7;10
476;0;10
476;1;10
476;2;10
476;3;10
476;4;10
476;5;10
476;6;10
476;7;10
477;0;10
477;1;10
477;2;10
477;3;10
477;4;10
477;5;10
477;6;10
477;7;10
478;0;80
478;1;70
478;2;60
478;3;50
478;4;40
478;5;30
478;6;20
478;7;10
479;0;10
479;1;20
479;2;30
479;3;40
479;4;50
479;5;60
479;6;70
479;7;80
480;0;80
480;1;70
480;2;60
480;3;50
480;4;40
480;5;30
480;6;20
480;7;10
481;0;10
481;1;10
481;2;10
481;3;10
481;4;10
481;5;10
481;6;10
481;7;10
482;0;10
482;1;10
482;2;10
482;3;10
482;4;10
482;5;10
482;6;10
482;7;10
483;0;10
483;1;20
483;2;30
483;3;40
483;4;50
483;5;60
483;6;70
483;7;80
484;0;10
484;1;10
484;2;10
484;3;10
484;4;10
484;5;10
484;6;10
484;7;10
485;0;10
485;1;20
485;2;30
485;3;40
485;4;50
485;5;60
485;6;70
485;7;80
486;0;10
486;1;10
486;2;10
486;3;10
486;4;10
486;5;10
486;6;10
486;7;10
487;0;10
487;1;20
487;2;30
487;3;40
487;4;50
487;5;60
487;6;70
487;7;80
488;0;10
488;1;10
488;2;10
488;3;10
488;4;10
488;5;10
488;6;10
488;7;10
489;0;80
489;1;70
489;2;60
489;3;50
489;4;40
489;5;30
489;6;20
489;7;10
490;0;10
490;1;20
490;2;30
490;3;40
490;4;50
490;5;60
490;6;70
490;7;80
491;0;80
491;1;70
491;2;60
491;3;50
491;4;40
491;5;30
491;6;20
491;7;10
492;0;10
492;1;20
492;2;30
492;3;40
492;4;50
492;5;60
492;6;70
492;7;80
493;0;10
493;1;20
493;2;30
493;3;40
493;4;50
493;5;60
493;6;70
493;7;80
494;0;10
494;1;20
494;2;30
494;3;40
494;4;50
494;5;60
494;6;70
494;7;80
495;0;10
495;1;20
495;2;30
495;3;40
495;4;50
495;5;60
495;6;70
495;7;80
496;0;10
496;1;10
496;2;10
496;3;10
496;4;10
496;5;10
496;6;10
496;7;10
497;0;10
497;1;10
497;2;10
497;3;10
497;4;10
497;5;10
497;6;10
497;7;10
498;0;10
498;1;10
498;2;10
498;3;10
498;4;10
498;5;10
498;6;10
498;7;10
499;0;80
499;1;70
499;2;60
499;3;50
499;4;40
499;5;30
499;6;20
499;7;10
500;0;80
500;1;70
500;2;60
500;3;50
500;4;40
500;5;30
500;6;20
500;7;10
501;0;10
501;1;10
501;2;10
501;3;10
501;4;10
501;5;10
501;6;10
501;7;10
502;0;10
502;1;20
502;2;30
502;3;40
502;4;50
502;5;60
502;6;70
502;7;80
503;0;10
503;1;10
503;2;10
503;3;10
503;4;10
503;5;10
503;6;10
503;7;10
504;0;10
504;1;20
504;2;30
504;3;40
504;4;50
504;5;60
504;6;70
504;7;80
505;0;10
505;1;10
505;2;10
505;3;10
505;4;10
505;5;10
505;6;10
505;7;10
506;0;80
506;1;70
506;2;60
506;3;50
506;4;40
506;5;30
506;6;20
506;7;10
507;0;10
507;1;20
507;2;30
507;3;40
507;4;50
507;5;60
507;6;70
507;7;80
508;0;10
508;1;20
508;2;30
508;3;40
508;4;50
508;5;60
508;6;70
508;7;80
509;0;10
509;1;10
509;2;10
509;3;10
509;4;10
509;5;10
509;6;10
509;7;10
510;0;10
510;1;20
510;2;30
510;3;40
510;4;50
510;5;60
510;6;70
510;7;80
511;0;10
511;1;20
511;2;30
511;3;40
511;4;50
511;5;60
511;6;70
511;7;80
512;0;80
512;1;70
512;2;60
512;3;50
512;4;40
512;5;30
512;6;20
512;7;10
513;0;10
513;1;20
513;2;30
513;3;40
513;4;50
513;5;60
513;6;70
513;7;80
514;0;80
514;1;70
514;2;60
514;3;50
514;4;40
514;5;30
514;6;20
514;7;10
515;0;10
515;1;10
515;2;10
515;3;10
515;4;10
515;5;10
515;6;10
515;7;10
516;0;10
516;1;10
516;2;10
516;3;10
516;4;10
516;5;10
516;6;10
516;7;10
517;0;10
517;1;10
517;2;10
517;3;10
517;4;10
517;5;10
517;6;10
517;7;10
518;0;80
518;1;70
518;2;60
518;3;50
518;4;40
518;5;30
518;6;20
518;7;10
519;0;10
519;1;10
519;2;10
519;3;10
519;4;10
519;5;10
519;6;10
519;7;10
520;0;80
520;1;70
520;2;60
520;3;50
520;4;40
520;5;30
520;6;20
520;7;10
521;0;10
521;1;10
521;2;10
521;3;10
521;4;10
521;5;10
521;6;10
521;7;10
522;0;80
522;1;70
522;2;60
522;3;50
522;4;40
522;5;30
522;6;20
522;7;10
523;0;10
523;1;20
523;2;30
523;3;40
523;4;50
523;5;60
523;6;70
523;7;80
524;0;10
524;1;10
524;2;10
524;3;10
524;4;10
524;5;10
524;6;10
524;7;10
525;0;80
525;1;70
525;2;60
525;3;50
525;4;40
525;5;30
525;6;20
525;7;10
526;0;10
526;1;10
526;2;10
526;3;10
526;4;10
526;5;10
526;6;10
526;7;10
527;0;10
527;1;10
527;2;10
527;3;10
527;4;10
527;5;10
527;6;10
527;7;10
528;0;10
528;1;20
528;2;30
528;3;40
528;4;50
528;5;60
528;6;70
528;7;80
529;0;80
529;1;70
529;2;60
529;3;50
529;4;40
529;5;30
529;6;20
529;7;10
530;0;80
530;1;70
530;2;60
530;3;50
530;4;40
530;5;30
530;6;20
530;7;10
531;0;10
531;1;10
531;2;10
531;3;10
531;4;10
531;5;10
531;6;10
531;7;10
532;0;10
532;1;10
532;2;10
532;3;10
532;4;10
532;5;10
532;6;10
532;7;10
533;0;10
533;1;10
533;2;10
533;3;10
533;4;10
533;5;10
533;6;10
533;7;10
534;0;10
534;1;20
534;2;30
534;3;40
534;4;50
534;5;60
534;6;70
534;7;80
535;0;10
535;1;20
535;2;30
535;3;40
535;4;50
535;5;60
535;6;70
535;7;80
536;0;80
536;1;70
536;2;60
536;3;50
536;4;40
536;5;30
536;6;20
536;7;10
537;0;10
537;1;20
537;2;30
537;3;40
537;4;50
537;5;60
537;6;70
537;7;80
538;0;80
538;1;70
538;2;60
538;3;50
538;4;40
538;5;30
538;6;20
538;7;10
539;0;10
539;1;20
539;2;30
539;3;40
539;4;50
539;5;60
539;6;70
539;7;80
540;0;80
540;1;70
540;2;60
540;3;50
540;4;40
540;5;30
540;6;20
540;7;10
541;0;10
541;1;20
541;2;30
541;3;40
541;4;50
541;5;60
541;6;70
541;7;80
542;0;80
542;1;70
542;2;60
542;3;50
542;4;40
542;5;30
542;6;20
542;7;10
543;0;10
543;1;20
543;2;30
543;3;40
543;4;50
543;5;60
543;6;70
543;7;80
544;0;10
544;1;10
544;2;10
544;3;10
544;4;10
544;5;10
544;6;10
544;7;10
545;0;10
545;1;10
545;2;10
545;3;10
545;4;10
545;5;10
545;6;10
545;7;10
546;0;10
546;1;10
546;2;10
546;3;10
546;4;10
546;5;10
546;6;10
546;7;10
547;0;10
547;1;10
547;2;10
547;3;10
547;4;10
547;5;10
547;6;10
547;7;10
548;0;80
548;1;70
548;2;60
548;3;50
548;4;40
548;5;30
548;6;20
548;7;10
549;0;10
549;1;20
549;2;30
549;3;40
549;4;50
549;5;60
549;6;70
549;7;80
550;0;80
550;1;70
550;2;60
550;3;50
550;4;40
550;5;30
550;6;20
550;7;10
551;0;10
551;1;20
551;2;30
551;3;40
551;4;50
551;5;60
551;6;70
551;7;80
552;0;80
552;1;70
552;2;60
552;3;50
552;4;40
552;5;30
552;6;20
552;7;10
553;0;80
553;1;70
553;2;60
553;3;50
553;4;40
553;5;30
553;6;20
553;7;10
554;0;80
554;1;70
554;2;60
554;3;50
554;4;40
554;5;30
554;6;20
554;7;10
555;0;80
555;1;70
555;2;60
555;3;50
555;4;40
555;5;30
555;6;20
555;7;10
556;0;10
556;1;20
556;2;30
556;3;40
556;4;50
556;5;60
556;6;70
556;7;80
557;0;10
557;1;20
557;2;30
557;3;40
557;4;50
557;5;60
557;6;70
557;7;80
558;0;80
558;1;70
558;2;60
558;3;50
558;4;40
558;5;30
558;6;20
558;7;10
559;0;10
559;1;10
559;2;10
559;3;10
559;4;10
559;5;10
559;6;10
559;7;10
560;0;80
560;1;70
560;2;60
560;3;50
560;4;40
560;5;30
560;6;20
560;7;10
561;0;10
561;1;10
561;2;10
561;3;10
561;4;10
561;5;10
561;6;10
561;7;10
562;0;10
562;1;10
562;2;10
562;3;10
562;4;10
562;5;10
562;6;10
562;7;10
563;0;10
563;1;10
563;2;10
563;3;10
563;4;10
563;5;10
563;6;10
563;7;10
564;0;80
564;1;70
564;2;60
564;3;50
564;4;40
564;5;30
564;6;20
564;7;10
565;0;80
565;1;70
565;2;60
565;3;50
565;4;40
565;5;30
565;6;20
565;7;10
566;0;10
566;1;20
566;2;30
566;3;40
566;4;50
566;5;60
566;6;70
566;7;80
567;0;10
567;1;10
567;2;10
567;3;10
567;4;10
567;5;10
567;6;10
567;7;10
568;0;80
568;1;70
568;2;60
568;3;50
568;4;40
568;5;30
568;6;20
568;7;10
569;0;80
569;1;70
569;2;60
569;3;50
569;4;40
569;5;30
569;6;20
569;7;10
570;0;10
570;1;20
570;2;30
570;3;40
570;4;50
570;5;60
570;6;70
570;7;80
571;0;80
571;1;70
571;2;60
571;3;50
571;4;40
571;5;30
571;6;20
571;7;10
572;0;80
572;1;70
572;2;60
572;3;50
572;4;40
572;5;30
572;6;20
572;7;10
573;0;80
573;1;70
573;2;60
573;3;50
573;4;40
573;5;30
573;6;20
573;7;10
574;0;10
574;1;10
574;2;10
574;3;10
574;4;10
574;5;10
574;6;10
574;7;10
575;0;10
575;1;20
575;2;30
575;3;40
575;4;50
575;5;60
575;6;70
575;7;80
576;0;80
576;1;70
576;2;60
576;3;50
576;4;40
576;5;30
576;6;20
576;7;10
577;0;10
577;1;10
577;2;10
577;3;10
577;4;10
577;5;10
577;6;10
577;7;10
578;0;10
578;1;10
578;2;10
578;3;10
578;4;10
578;5;10
578;6;10
578;7;10
579;0;10
579;1;10
579;2;10
579;3;10
579;4;10
579;5;10
579;6;10
579;7;10
580;0;10
580;1;10
580;2;10
580;3;10
580;4;10
580;5;10
580;6;10
580;7;10
581;0;10
581;1;10
581;2;10
581;3;10
581;4;10
581;5;10
581;6;10
581;7;10
582;0;10
582;1;10
582;2;10
582;3;10
582;4;10
582;5;10
582;6;10
582;7;10
583;0;10
583;1;20
583;2;30
583;3;40
583;4;50
583;5;60
583;6;70
583;7;80
584;0;80
584;1;70
584;2;60
584;3;50
584;4;40
584;5;30
584;6;20
584;7;10
585;0;80
585;1;70
585;2;60
585;3;50
585;4;40
585;5;30
585;6;20
585;7;10
586;0;10
586;1;20
586;2;30
586;3;40
586;4;50
586;5;60
586;6;70
586;7;80
587;0;10
587;1;10
587;2;10
587;3;10
587;4;10
587;5;10
587;6;10
587;7;10
588;0;80
588;1;70
588;2;60
588;3;50
588;4;40
588;5;30
588;6;20
588;7;10
589;0;10
589;1;10
589;2;10
589;3;10
589;4;10
589;5;10
589;6;10
589;7;10
590;0;10
590;1;20
590;2;30
590;3;40
590;4;50
590;5;60
590;6;70
590;7;80
591;0;80
591;1;70
591;2;60
591;3;50
591;4;40
591;5;30
591;6;20
591;7;10
592;0;80
592;1;70
592;2;60
592;3;50
592;4;40
592;5;30
592;6;20
592;7;10
593;0;80
593;1;70
593;2;60
593;3;50
593;4;40
593;5;30
593;6;20
593;7;10
594;0;10
594;1;20
594;2;30
594;3;40
594;4;50
594;5;60
594;6;70
594;7;80
595;0;10
595;1;20
595;2;30
595;3;40
595;4;50
595;5;60
595;6;70
595;7;80
596;0;80
596;1;70
596;2;60
596;3;50
596;4;40
596;5;30
596;6;20
596;7;10
597;0;80
597;1;70
597;2;60
597;3;50
597;4;40
597;5;30
597;6;20
597;7;10
598;0;80
598;1;70
598;2;60
598;3;50
598;4;40
598;5;30
598;6;20
598;7;10
599;0;10
599;1;10
599;2;10
599;3;10
599;4;10
599;5;10
599;6;10
599;7;10
600;0;10
600;1;20
600;2;30
600;3;40
600;4;50
600;5;60
600;6;70
600;7;80
601;0;10
601;1;10
601;2;10
601;3;10
601;4;10
601;5;10
601;6;10
601;7;10
602;0;10
602;1;20
602;2;30
602;3;40
602;4;50
602;5;60
602;6;70
602;7;80
603;0;80
603;1;70
603;2;60
603;3;50
603;4;40
603;5;30
603;6;20
603;7;10
604;0;80
604;1;70
604;2;60
604;3;50
604;4;40
604;5;30
604;6;20
604;7;10
605;0;80
605;1;70
605;2;60
605;3;50
605;4;40
605;5;30
605;6;20
605;7;10
606;0;10
606;1;20
606;2;30
606;3;40
606;4;50
606;5;60
606;6;70
606;7;80
607;0;10
607;1;20
607;2;30
607;3;40
607;4;50
607;5;60
607;6;70
607;7;80
608;0;80
608;1;70
608;2;60
608;3;50
608;4;40
608;5;30
608;6;20
608;7;10
609;0;80
609;1;70
609;2;60
609;3;50
609;4;40
609;5;30
609;6;20
609;7;10
610;0;10
610;1;20
610;2;30
610;3;40
610;4;50
610;5;60
610;6;70
610;7;80
611;0;10
611;1;20
611;2;30
611;3;40
611;4;50
611;5;60
611;6;70
611;7;80
612;0;10
612;1;20
612;2;30
612;3;40
612;4;50
612;5;60
612;6;70
612;7;80
613;0;10
613;1;20
613;2;30
613;3;40
613;4;50
613;5;60
613;6;70
613;7;80
614;0;80
614;1;70
614;2;60
614;3;50
614;4;40
614;5;30
614;6;20
614;7;10
615;0;80
615;1;70
615;2;60
615;3;50
615;4;40
615;5;30
615;6;20
615;7;10
616;0;10
616;1;20
616;2;30
616;3;40
616;4;50
616;5;60
616;6;70
616;7;80
617;0;10
617;1;10
617;2;10
617;3;10
617;4;10
617;5;10
617;6;10
617;7;10
618;0;10
618;1;10
618;2;10
618;3;10
618;4;10
618;5;10
618;6;10
618;7;10
619;0;10
619;1;20
619;2;30
619;3;40
619;4;50
619;5;60
619;6;70
619;7;80
620;0;10
620;1;10
620;2;10
620;3;10
620;4;10
620;5;10
620;6;10
620;7;10
621;0;80
621;1;70
621;2;60
621;3;50
621;4;40
621;5;30
621;6;20
621;7;10
622;0;10
622;1;10
622;2;10
622;3;10
622;4;10
622;5;10
622;6;10
622;7;10
623;0;10
623;1;20
623;2;30
623;3;40
623;4;50
623;5;60
623;6;70
623;7;80
624;0;80
624;1;70
624;2;60
624;3;50
624;4;40
624;5;30
624;6;20
624;7;10
625;0;10
625;1;20
625;2;30
625;3;40
625;4;50
625;5;60
625;6;70
625;7;80
626;0;10
626;1;20
626;2;30
626;3;40
626;4;50
626;5;60
626;6;70
626;7;80
627;0;10
627;1;10
627;2;10
627;3;10
627;4;10
627;5;10
627;6;10
627;7;10
628;0;10
628;1;10
628;2;10
628;3;10
628;4;10
628;5;10
628;6;10
628;7;10
629;0;10
629;1;10
629;2;10
629;3;10
629;4;10
629;5;10
629;6;10
629;7;10
630;0;10
630;1;10
630;2;10
630;3;10
630;4;10
630;5;10
630;6;10
630;7;10
631;0;10
631;1;10
631;2;10
631;3;10
631;4;10
631;5;10
631;6;10
631;7;10
632;0;10
632;1;20
632;2;30
632;3;40
632;4;50
632;5;60
632;6;70
632;7;80
633;0;10
633;1;20
633;2;30
633;3;40
633;4;50
633;5;60
633;6;70
633;7;80
634;0;80
634;1;70
634;2;60
634;3;50
634;4;40
634;5;30
634;6;20
634;7;10
635;0;10
635;1;20
635;2;30
635;3;40
635;4;50
635;5;60
635;6;70
635;7;80
636;0;10
636;1;10
636;2;10
636;3;10
636;4;10
636;5;10
636;6;10
636;7;10
637;0;10
637;1;10
637;2;10
637;3;10
637;4;10
637;5;10
637;6;10
637;7;10
638;0;10
638;1;20
638;2;30
638;3;40
638;4;50
638;5;60
638;6;70
638;7;80
639;0;80
639;1;70
639;2;60
639;3;50
639;4;40
639;5;30
639;6;20
639;7;10
640;0;10
640;1;20
640;2;30
640;3;40
640;4;50
640;5;60
640;6;70
640;7;80
641;0;10
641;1;20
641;2;30
641;3;40
641;4;50
641;5;60
641;6;70
641;7;80
642;0;80
642;1;70
642;2;60
642;3;50
642;4;40
642;5;30
642;6;20
642;7;10
643;0;10
643;1;10
643;2;10
643;3;10
643;4;10
643;5;10
643;6;10
643;7;10
644;0;10
644;1;10
644;2;10
644;3;10
644;4;10
644;5;10
644;6;10
644;7;10
645;0;10
645;1;10
645;2;10
645;3;10
645;4;10
645;5;10
645;6;10
645;7;10
646;0;10
646;1;10
646;2;10
646;3;10
646;4;10
646;5;10
646;6;10
646;7;10
647;0;10
647;1;20
647;2;30
647;3;40
647;4;50
647;5;60
647;6;70
647;7;80
648;0;10
648;1;20
648;2;30
648;3;40
648;4;50
648;5;60
648;6;70
648;7;80
649;0;80
649;1;70
649;2;60
649;3;50
649;4;40
649;5;30
649;6;20
649;7;10
650;0;10
650;1;20
650;2;30
650;3;40
650;4;50
650;5;60
650;6;70
650;7;80
651;0;10
651;1;10
651;2;10
651;3;10
651;4;10
651;5;10
651;6;10
651;7;10
652;0;10
652;1;20
652;2;30
652;3;40
652;4;50
652;5;60
652;6;70
652;7;80
653;0;10
653;1;20
653;2;30
653;3;40
653;4;50
653;5;60
653;6;70
653;7;80
654;0;80
654;1;70
654;2;60
654;3;50
654;4;40
654;5;30
654;6;20
654;7;10
655;0;80
655;1;70
655;2;60
655;3;50
655;4;40
655;5;30
655;6;20
655;7;10
656;0;10
656;1;20
656;2;30
656;3;40
656;4;50
656;5;60
656;6;70
656;7;80
657;0;10
657;1;20
657;2;30
657;3;40
657;4;50
657;5;60
657;6;70
657;7;80
658;0;10
658;1;20
658;2;30
658;3;40
658;4;50
658;5;60
658;6;70
658;7;80
659;0;10
659;1;10
659;2;10
659;3;10
659;4;10
659;5;10
659;6;10
659;7;10
660;0;80
660;1;70
660;2;60
660;3;50
660;4;40
660;5;30
660;6;20
660;7;10
661;0;10
661;1;20
661;2;30
661;3;40
661;4;50
661;5;60
661;6;70
661;7;80
662;0;10
662;1;10
662;2;10
662;3;10
662;4;10
662;5;10
662;6;10
662;7;10
663;0;10
663;1;20
663;2;30
663;3;40
663;4;50
663;5;60
663;6;70
663;7;80
664;0;10
664;1;20
664;2;30
664;3;40
664;4;50
664;5;60
664;6;70
664;7;80
665;0;80
665;1;70
665;2;60
665;3;50
665;4;40
665;5;30
665;6;20
665;7;10
666;0;10
666;1;10
666;2;10
666;3;10
666;4;10
666;5;10
666;6;10
666;7;10
667;0;10
667;1;20
667;2;30
667;3;40
667;4;50
667;5;60
667;6;70
667;7;80
668;0;80
668;1;70
668;2;60
668;3;50
668;4;40
668;5;30
668;6;20
668;7;10
669;0;80
669;1;70
669;2;60
669;3;50
669;4;40
669;5;30
669;6;20
669;7;10
670;0;80
670;1;70
670;2;60
670;3;50
670;4;40
670;5;30
670;6;20
670;7;10
671;0;10
671;1;10
671;2;10
671;3;10
671;4;10
671;5;10
671;6;10
671;7;10
672;0;10
672;1;20
672;2;30
672;3;40
672;4;50
672;5;60
672;6;70
672;7;80
673;0;10
673;1;20
673;2;30
673;3;40
673;4;50
673;5;60
673;6;70
673;7;80
674;0;10
674;1;10
674;2;10
674;3;10
674;4;10
674;5;10
674;6;10
674;7;10
675;0;10
675;1;10
675;2;10
675;3;10
675;4;10
675;5;10
675;6;10
675;7;10
676;0;10
676;1;10
676;2;10
676;3;10
676;4;10
676;5;10
676;6;10
676;7;10
677;0;80
677;1;70
677;2;60
677;3;50
677;4;40
677;5;30
677;6;20
677;7;10
678;0;10
678;1;20
678;2;30
678;3;40
678;4;50
678;5;60
678;6;70
678;7;80
679;0;80
679;1;70
679;2;60
679;3;50
679;4;40
679;5;30
679;6;20
679;7;10
680;0;10
680;1;10
680;2;10
680;3;10
680;4;10
680;5;10
680;6;10
680;7;10
681;0;80
681;1;70
681;2;60
681;3;50
681;4;40
681;5;30
681;6;20
681;7;10
682;0;10
682;1;10
682;2;10
682;3;10
682;4;10
682;5;10
682;6;10
682;7;10
683;0;80
683;1;70
683;2;60
683;3;50
683;4;40
683;5;30
683;6;20
683;7;10
684;0;80
684;1;70
684;2;60
684;3;50
684;4;40
684;5;30
684;6;20
684;7;10
685;0;10
685;1;10
685;2;10
685;3;10
685;4;10
685;5;10
685;6;10
685;7;10
686;0;10
686;1;20
686;2;30
686;3;40
686;4;50
686;5;60
686;6;70
686;7;80
687;0;10
687;1;10
687;2;10
687;3;10
687;4;10
687;5;10
687;6;10
687;7;10
688;0;10
688;1;20
688;2;30
688;3;40
688;4;50
688;5;60
688;6;70
688;7;80
689;0;10
689;1;10
689;2;10
689;3;10
689;4;10
689;5;10
689;6;10
689;7;10
690;0;10
690;1;10
690;2;10
690;3;10
690;4;10
690;5;10
690;6;10
690;7;10
691;0;10
691;1;20
691;2;30
691;3;40
691;4;50
691;5;60
691;6;70
691;7;80
692;0;10
692;1;10
692;2;10
692;3;10
692;4;10
692;5;10
692;6;10
692;7;10
693;0;10
693;1;10
693;2;10
693;3;10
693;4;10
693;5;10
693;6;10
693;7;10
694;0;80
694;1;70
694;2;60
694;3;50
694;4;40
694;5;30
694;6;20
694;7;10
695;0;10
695;1;10
695;2;10
695;3;10
695;4;10
695;5;10
695;6;10
695;7;10
696;0;10
696;1;10
696;2;10
696;3;10
696;4;10
696;5;10
696;6;10
696;7;10
697;0;10
697;1;10
697;2;10
697;3;10
697;4;10
697;5;10
697;6;10
697;7;10
698;0;10
698;1;20
698;2;30
698;3;40
698;4;50
698;5;60
698;6;70
698;7;80
699;0;80
699;1;70
699;2;60
699;3;50
699;4;40
699;5;30
699;6;20
699;7;10
700;0;10
700;1;10
700;2;10
700;3;10
700;4;10
700;5;10
700;6;10
700;7;10
701;0;10
701;1;10
701;2;10
701;3;10
701;4;10
701;5;10
701;6;10
701;7;10
702;0;10
702;1;10
702;2;10
702;3;10
702;4;10
702;5;10
702;6;10
702;7;10
703;0;10
703;1;10
703;2;10
703;3;10
703;4;10
703;5;10
703;6;10
703;7;10
704;0;10
704;1;10
704;2;10
704;3;10
704;4;10
704;5;10
704;6;10
704;7;10
705;0;80
705;1;70
705;2;60
705;3;50
705;4;40
705;5;30
705;6;20
705;7;10
706;0;10
706;1;10
706;2;10
706;3;10
706;4;10
706;5;10
706;6;10
706;7;10
707;0;80
707;1;70
707;2;60
707;3;50
707;4;40
707;5;30
707;6;20
707;7;10
708;0;80
708;1;70
708;2;60
708;3;50
708;4;40
708;5;30
708;6;20
708;7;10
709;0;10
709;1;20
709;2;30
709;3;40
709;4;50
709;5;60
709;6;70
709;7;80
710;0;10
710;1;10
710;2;10
710;3;10
710;4;10
710;5;10
710;6;10
710;7;10
711;0;10
711;1;20
711;2;30
711;3;40
711;4;50
711;5;60
711;6;70
711;7;80
712;0;10
712;1;10
712;2;10
712;3;10
712;4;10
712;5;10
712;6;10
712;7;10
713;0;10
713;1;20
713;2;30
713;3;40
713;4;50
713;5;60
713;6;70
713;7;80
714;0;10
714;1;10
714;2;10
714;3;10
714;4;10
714;5;10
714;6;10
714;7;10
715;0;10
715;1;20
715;2;30
715;3;40
715;4;50
715;5;60
715;6;70
715;7;80
716;0;10
716;1;10
716;2;10
716;3;10
716;4;10
716;5;10
716;6;10
716;7;10
717;0;10
717;1;20
717;2;30
717;3;40
717;4;50
717;5;60
717;6;70
717;7;80
718;0;10
718;1;10
718;2;10
718;3;10
718;4;10
718;5;10
718;6;10
718;7;10
719;0;10
719;1;20
719;2;30
719;3;40
719;4;50
719;5;60
719;6;70
719;7;80
720;0;10
720;1;10
720;2;10
720;3;10
720;4;10
720;5;10
720;6;10
720;7;10
721;0;80
721;1;70
721;2;60
721;3;50
721;4;40
721;5;30
721;6;20
721;7;10
722;0;80
722;1;70
722;2;60
722;3;50
722;4;40
722;5;30
722;6;20
722;7;10
723;0;10
723;1;20
723;2;30
723;3;40
723;4;50
723;5;60
723;6;70
723;7;80
724;0;80
724;1;70
724;2;60
724;3;50
724;4;40
724;5;30
724;6;20
724;7;10
725;0;10
725;1;10
725;2;10
725;3;10
725;4;10
725;5;10
725;6;10
725;7;10
726;0;80
726;1;70
726;2;60
726;3;50
726;4;40
726;5;30
726;6;20
726;7;10
727;0;10
727;1;20
727;2;30
727;3;40
727;4;50
727;5;60
727;6;70
727;7;80
728;0;10
728;1;10
728;2;10
728;3;10
728;4;10
728;5;10
728;6;10
728;7;10
729;0;80
729;1;70
729;2;60
729;3;50
729;4;40
729;5;30
729;6;20
729;7;10
730;0;10
730;1;10
730;2;10
730;3;10
730;4;10
730;5;10
730;6;10
730;7;10
731;0;10
731;1;10
731;2;10
731;3;10
731;4;10
731;5;10
731;6;10
731;7;10
732;0;10
732;1;20
732;2;30
732;3;40
732;4;50
732;5;60
732;6;70
732;7;80
733;0;10
733;1;20
733;2;30
733;3;40
733;4;50
733;5;60
733;6;70
733;7;80
734;0;10
734;1;20
734;2;30
734;3;40
734;4;50
734;5;60
734;6;70
734;7;80
735;0;10
735;1;20
735;2;30
735;3;40
735;4;50
735;5;60
735;6;70
735;7;80
736;0;10
736;1;10
736;2;10
736;3;10
736;4;10
736;5;10
736;6;10
736;7;10
737;0;80
737;1;70
737;2;60
737;3;50
737;4;40
737;5;30
737;6;20
737;7;10
738;0;80
738;1;70
738;2;60
738;3;50
738;4;40
738;5;30
738;6;20
738;7;10
739;0;80
739;1;70
739;2;60
739;3;50
739;4;40
739;5;30
739;6;20
739;7;10
740;0;10
740;1;20
740;2;30
740;3;40
740;4;50
740;5;60
740;6;70
740;7;80
741;0;80
741;1;70
741;2;60
741;3;50
741;4;40
741;5;30
741;6;20
741;7;10
742;0;80
742;1;70
742;2;60
742;3;50
742;4;40
742;5;30
742;6;20
742;7;10
743;0;80
743;1;70
743;2;60
743;3;50
743;4;40
743;5;30
743;6;20
743;7;10
744;0;10
744;1;10
744;2;10
744;3;10
744;4;10
744;5;10
744;6;10
744;7;10
745;0;10
745;1;20
745;2;30
745;3;40
745;4;50
745;5;60
745;6;70
745;7;80
746;0;80
746;1;70
746;2;60
746;3;50
746;4;40
746;5;30
746;6;20
746;7;10
747;0;10
747;1;10
747;2;10
747;3;10
747;4;10
747;5;10
747;6;10
747;7;10
748;0;10
748;1;10
748;2;10
748;3;10
748;4;10
748;5;10
748;6;10
748;7;10
749;0;10
749;1;10
749;2;10
749;3;10
749;4;10
749;5;10
749;6;10
749;7;10
750;0;80
750;1;70
750;2;60
750;3;50
750;4;40
750;5;30
750;6;20
750;7;10
751;0;80
751;1;70
751;2;60
751;3;50
751;4;40
751;5;30
751;6;20
751;7;10
752;0;10
752;1;20
752;2;30
752;3;40
752;4;50
752;5;60
752;6;70
752;7;80
753;0;10
753;1;10
753;2;10
753;3;10
753;4;10
753;5;10
753;6;10
753;7;10
754;0;10
754;1;10
754;2;10
754;3;10
754;4;10
754;5;10
754;6;10
754;7;10
755;0;80
755;1;70
755;2;60
755;3;50
755;4;40
755;5;30
755;6;20
755;7;10
756;0;80
756;1;70
756;2;60
756;3;50
756;4;40
756;5;30
756;6;20
756;7;10
757;0;80
757;1;70
757;2;60
757;3;50
757;4;40
757;5;30
757;6;20
757;7;10
758;0;10
758;1;10
758;2;10
758;3;10
758;4;10
758;5;10
758;6;10
758;7;10
759;0;10
759;1;20
759;2;30
759;3;40
759;4;50
759;5;60
759;6;70
759;7;80
760;0;10
760;1;20
760;2;30
760;3;40
760;4;50
760;5;60
760;6;70
760;7;80
761;0;10
761;1;10
761;2;10
761;3;10
761;4;10
761;5;10
761;6;10
761;7;10
762;0;10
762;1;10
762;2;10
762;3;10
762;4;10
762;5;10
762;6;10
762;7;10
763;0;10
763;1;20
763;2;30
763;3;40
763;4;50
763;5;60
763;6;70
763;7;80
764;0;10
764;1;20
764;2;30
764;3;40
764;4;50
764;5;60
764;6;70
764;7;80
765;0;80
765;1;70
765;2;60
765;3;50
765;4;40
765;5;30
765;6;20
765;7;10
766;0;10
766;1;20
766;2;30
766;3;40
766;4;50
766;5;60
766;6;70
766;7;80
767;0;10
767;1;20
767;2;30
767;3;40
767;4;50
767;5;60
767;6;70
767;7;80
768;0;80
768;1;70
768;2;60
768;3;50
768;4;40
768;5;30
768;6;20
768;7;10
769;0;80
769;1;70
769;2;60
769;3;50
769;4;40
769;5;30
769;6;20
769;7;10
770;0;80
770;1;70
770;2;60
770;3;50
770;4;40
770;5;30
770;6;20
770;7;10
771;0;10
771;1;20
771;2;30
771;3;40
771;4;50
771;5;60
771;6;70
771;7;80
772;0;80
772;1;70
772;2;60
772;3;50
772;4;40
772;5;30
772;6;20
772;7;10
773;0;80
773;1;70
773;2;60
773;3;50
773;4;40
773;5;30
773;6;20
773;7;10
774;0;80
774;1;70
774;2;60
774;3;50
774;4;40
774;5;30
774;6;20
774;7;10
775;0;10
775;1;10
775;2;10
775;3;10
775;4;10
775;5;10
775;6;10
775;7;10
776;0;10
776;1;20
776;2;30
776;3;40
776;4;50
776;5;60
776;6;70
776;7;80
777;0;10
777;1;10
777;2;10
777;3;10
777;4;10
777;5;10
777;6;10
777;7;10
778;0;80
778;1;70
778;2;60
778;3;50
778;4;40
778;5;30
778;6;20
778;7;10
779;0;10
779;1;20
779;2;30
779;3;40
779;4;50
779;5;60
779;6;70
779;7;80
780;0;10
780;1;10
780;2;10
780;3;10
780;4;10
780;5;10
780;6;10
780;7;10
781;0;80
781;1;70
781;2;60
781;3;50
781;4;40
781;5;30
781;6;20
781;7;10
782;0;80
782;1;70
782;2;60
782;3;50
782;4;40
782;5;30
782;6;20
782;7;10
783;0;10
783;1;10
783;2;10
783;3;10
783;4;10
783;5;10
783;6;10
783;7;10
784;0;80
784;1;70
784;2;60
784;3;50
784;4;40
784;5;30
784;6;20
784;7;10
785;0;10
785;1;20
785;2;30
785;3;40
785;4;50
785;5;60
785;6;70
785;7;80
786;0;10
786;1;20
786;2;30
786;3;40
786;4;50
786;5;60
786;6;70
786;7;80
787;0;10
787;1;20
787;2;30
787;3;40
787;4;50
787;5;60
787;6;70
787;7;80
788;0;10
788;1;20
788;2;30
788;3;40
788;4;50
788;5;60
788;6;70
788;7;80
789;0;80
789;1;70
789;2;60
789;3;50
789;4;40
789;5;30
789;6;20
789;7;10
790;0;80
790;1;70
790;2;60
790;3;50
790;4;40
790;5;30
790;6;20
790;7;10
791;0;80
791;1;70
791;2;60
791;3;50
791;4;40
791;5;30
791;6;20
791;7;10
792;0;10
792;1;20
792;2;30
792;3;40
792;4;50
792;5;60
792;6;70
792;7;80
793;0;10
793;1;10
793;2;10
793;3;10
793;4;10
793;5;10
793;6;10
793;7;10
794;0;10
794;1;10
794;2;10
794;3;10
794;4;10
794;5;10
794;6;10
794;7;10
795;0;10
795;1;10
795;2;10
795;3;10
795;4;10
795;5;10
795;6;10
795;7;10
796;0;10
796;1;10
796;2;10
796;3;10
796;4;10
796;5;10
796;6;10
796;7;10
797;0;10
797;1;20
797;2;30
797;3;40
797;4;50
797;5;60
797;6;70
797;7;80
798;0;10
798;1;10
798;2;10
798;3;10
798;4;10
798;5;10
798;6;10
798;7;10
799;0;10
799;1;20
799;2;30
799;3;40
799;4;50
799;5;60
799;6;70
799;7;80
800;0;10
800;1;20
800;2;30
800;3;40
800;4;50
800;5;60
800;6;70
800;7;80
801;0;10
801;1;20
801;2;30
801;3;40
801;4;50
801;5;60
801;6;70
801;7;80
802;0;10
802;1;20
802;2;30
802;3;40
802;4;50
802;5;60
802;6;70
802;7;80
803;0;10
803;1;10
803;2;10
803;3;10
803;4;10
803;5;10
803;6;10
803;7;10
804;0;10
804;1;10
804;2;10
804;3;10
804;4;10
804;5;10
804;6;10
804;7;10
805;0;80
805;1;70
805;2;60
805;3;50
805;4;40
805;5;30
805;6;20
805;7;10
806;0;80
806;1;70
806;2;60
806;3;50
806;4;40
806;5;30
806;6;20
806;7;10
807;0;80
807;1;70
807;2;60
807;3;50
807;4;40
807;5;30
807;6;20
807;7;10
808;0;80
808;1;70
808;2;60
808;3;50
808;4;40
808;5;30
808;6;20
808;7;10
809;0;80
809;1;70
809;2;60
809;3;50
809;4;40
809;5;30
809;6;20
809;7;10
810;0;80
810;1;70
810;2;60
810;3;50
810;4;40
810;5;30
810;6;20
810;7;10
811;0;80
811;1;70
811;2;60
811;3;50
811;4;40
811;5;30
811;6;20
811;7;10
812;0;80
812;1;70
812;2;60
812;3;50
812;4;40
812;5;30
812;6;20
812;7;10
813;0;80
813;1;70
813;2;60
813;3;50
813;4;40
813;5;30
813;6;20
813;7;10
814;0;10
814;1;10
814;2;10
814;3;10
814;4;10
814;5;10
814;6;10
814;7;10
815;0;10
815;1;20
815;2;30
815;3;40
815;4;50
815;5;60
815;6;70
815;7;80
816;0;10
816;1;20
816;2;30
816;3;40
816;4;50
816;5;60
816;6;70
816;7;80
817;0;10
817;1;20
817;2;30
817;3;40
817;4;50
817;5;60
817;6;70
817;7;80
818;0;10
818;1;20
818;2;30
818;3;40
818;4;50
818;5;60
818;6;70
818;7;80
819;0;10
819;1;20
819;2;30
819;3;40
819;4;50
819;5;60
819;6;70
819;7;80
820;0;10
820;1;10
820;2;10
820;3;10
820;4;10
820;5;10
820;6;10
820;7;10
821;0;10
821;1;20
821;2;30
821;3;40
821;4;50
821;5;60
821;6;70
821;7;80
822;0;10
822;1;20
822;2;30
822;3;40
822;4;50
822;5;60
822;6;70
822;7;80
823;0;10
823;1;20
823;2;30
823;3;40
823;4;50
823;5;60
823;6;70
823;7;80
824;0;80
824;1;70
824;2;60
824;3;50
824;4;40
824;5;30
824;6;20
824;7;10
825;0;10
825;1;20
825;2;30
825;3;40
825;4;50
825;5;60
825;6;70
825;7;80
826;0;10
826;1;10
826;2;10
826;3;10
826;4;10
826;5;10
826;6;10
826;7;10
827;0;10
827;1;20
827;2;30
827;3;40
827;4;50
827;5;60
827;6;70
827;7;80
828;0;10
828;1;20
828;2;30
828;3;40
828;4;50
828;5;60
828;6;70
828;7;80
829;0;10
829;1;10
829;2;10
829;3;10
829;4;10
829;5;10
829;6;10
829;7;10
830;0;10
830;1;10
830;2;10
830;3;10
830;4;10
830;5;10
830;6;10
830;7;10
831;0;10
831;1;20
831;2;30
831;3;40
831;4;50
831;5;60
831;6;70
831;7;80
832;0;80
832;1;70
832;2;60
832;3;50
832;4;40
832;5;30
832;6;20
832;7;10
833;0;80
833;1;70
833;2;60
833;3;50
833;4;40
833;5;30
833;6;20
833;7;10
834;0;80
834;1;70
834;2;60
834;3;50
834;4;40
834;5;30
834;6;20
834;7;10
835;0;80
835;1;70
835;2;60
835;3;50
835;4;40
835;5;30
835;6;20
835;7;10
836;0;10
836;1;20
836;2;30
836;3;40
836;4;50
836;5;60
836;6;70
836;7;80
837;0;10
837;1;10
837;2;10
837;3;10
837;4;10
837;5;10
837;6;10
837;7;10
838;0;10
838;1;20
838;2;30
838;3;40
838;4;50
838;5;60
838;6;70
838;7;80
839;0;80
839;1;70
839;2;60
839;3;50
839;4;40
839;5;30
839;6;20
839;7;10
840;0;10
840;1;10
840;2;10
840;3;10
840;4;10
840;5;10
840;6;10
840;7;10
841;0;10
841;1;10
841;2;10
841;3;10
841;4;10
841;5;10
841;6;10
841;7;10
842;0;10
842;1;10
842;2;10
842;3;10
842;4;10
842;5;10
842;6;10
842;7;10
843;0;10
843;1;10
843;2;10
843;3;10
843;4;10
843;5;10
843;6;10
843;7;10
844;0;10
844;1;10
844;2;10
844;3;10
844;4;10
844;5;10
844;6;10
844;7;10
845;0;10
845;1;10
845;2;10
845;3;10
845;4;10
845;5;10
845;6;10
845;7;10
846;0;10
846;1;10
846;2;10
846;3;10
846;4;10
846;5;10
846;6;10
846;7;10
847;0;80
847;1;70
847;2;60
847;3;50
847;4;40
847;5;30
847;6;20
847;7;10
848;0;10
848;1;10
848;2;10
848;3;10
848;4;10
848;5;10
848;6;10
848;7;10
849;0;10
849;1;20
849;2;30
849;3;40
849;4;50
849;5;60
849;6;70
849;7;80
850;0;10
850;1;20
850;2;30
850;3;40
850;4;50
850;5;60
850;6;70
850;7;80
851;0;10
851;1;10
851;2;10
851;3;10
851;4;10
851;5;10
851;6;10
851;7;10
852;0;10
852;1;20
852;2;30
852;3;40
852;4;50
852;5;60
852;6;70
852;7;80
853;0;10
853;1;10
853;2;10
853;3;10
853;4;10
853;5;10
853;6;10
853;7;10
854;0;10
854;1;20
854;2;30
854;3;40
854;4;50
854;5;60
854;6;70
854;7;80
855;0;10
855;1;20
855;2;30
855;3;40
855;4;50
855;5;60
855;6;70
855;7;80
856;0;80
856;1;70
856;2;60
856;3;50
856;4;40
856;5;30
856;6;20
856;7;10
857;0;10
857;1;10
857;2;10
857;3;10
857;4;10
857;5;10
857;6;10
857;7;10
858;0;10
858;1;10
858;2;10
858;3;10
858;4;10
858;5;10
858;6;10
858;7;10
859;0;10
859;1;10
859;2;10
859;3;10
859;4;10
859;5;10
859;6;10
859;7;10
860;0;10
860;1;10
860;2;10
860;3;10
860;4;10
860;5;10
860;6;10
860;7;10
